Score, Predict
0.80, 0.68
0.43, 0.54
1.00, 0.59
0.00, 0.52
1.00, 0.54
0.00, 0.51
0.00, 0.54
0.86, 0.53
0.30, 0.60
1.00, 0.57
1.00, 0.54
0.50, 0.58
0.71, 0.53
0.86, 0.53
0.25, 0.54
1.00, 0.67
0.00, 0.53
1.00, 0.55
1.00, 0.56
0.86, 0.60
0.62, 0.51
0.60, 0.62
0.90, 0.56
0.00, 0.55
0.57, 0.61
0.86, 0.68
1.00, 0.66
0.86, 0.61
0.89, 0.64
0.00, 0.51
1.00, 0.64
1.00, 0.54
0.71, 0.51
1.00, 0.62
0.40, 0.52
0.62, 0.56
1.00, 0.53
0.00, 0.52
1.00, 0.55
0.33, 0.55
1.00, 0.63
0.75, 0.58
0.88, 0.58
0.62, 0.61
0.90, 0.71
0.89, 0.69
1.00, 0.71
0.10, 0.54
0.00, 0.56
1.00, 0.60
1.00, 0.55
1.00, 0.65
0.80, 0.53
0.12, 0.52
1.00, 0.63
0.88, 0.63
1.00, 0.53
1.00, 0.52
0.90, 0.54
1.00, 0.57
0.57, 0.52
1.00, 0.67
0.88, 0.62
0.00, 0.51
1.00, 0.56
0.00, 0.53
1.00, 0.54
1.00, 0.54
0.78, 0.59
1.00, 0.50
0.80, 0.60
1.00, 0.63
0.29, 0.51
1.00, 0.52
1.00, 0.54
0.00, 0.52
1.00, 0.69
1.00, 0.60
0.10, 0.57
0.90, 0.72
1.00, 0.56
1.00, 0.56
0.38, 0.54
0.14, 0.53
1.00, 0.55
0.90, 0.63
1.00, 0.55
0.22, 0.57
1.00, 0.83
0.86, 0.52
1.00, 0.71
1.00, 0.64
1.00, 0.56
1.00, 0.59
1.00, 0.54
0.00, 0.52
1.00, 0.67
1.00, 0.59
0.00, 0.53
0.86, 0.55
0.89, 0.55
1.00, 0.62
0.12, 0.50
1.00, 0.66
0.67, 0.55
0.67, 0.67
0.89, 0.60
0.50, 0.53
0.12, 0.55
1.00, 0.61
0.56, 0.53
1.00, 0.59
1.00, 0.61
1.00, 0.67
1.00, 0.62
1.00, 0.58
1.00, 0.55
1.00, 0.67
1.00, 0.61
0.86, 0.52
0.14, 0.51
0.86, 0.55
0.12, 0.52
0.00, 0.50
0.00, 0.51
0.00, 0.54
1.00, 0.59
1.00, 0.68
0.88, 0.60
0.29, 0.54
1.00, 0.53
0.00, 0.52
1.00, 0.63
1.00, 0.67
1.00, 0.59
0.00, 0.60
0.25, 0.61
0.00, 0.55
1.00, 0.54
0.80, 0.65
0.29, 0.52
1.00, 0.55
1.00, 0.59
1.00, 0.51
0.00, 0.51
0.29, 0.53
0.62, 0.52
1.00, 0.70
1.00, 0.57
1.00, 0.57
1.00, 0.55
1.00, 0.68
0.44, 0.57
0.78, 0.56
0.80, 0.54
1.00, 0.52
0.88, 0.69
0.00, 0.54
1.00, 0.71
1.00, 0.57
0.00, 0.51
1.00, 0.59
1.00, 0.57
0.60, 0.53
1.00, 0.55
0.00, 0.54
1.00, 0.56
0.71, 0.51
1.00, 0.62
0.00, 0.52
1.00, 0.54
1.00, 0.78
0.00, 0.53
1.00, 0.66
0.70, 0.54
1.00, 0.57
1.00, 0.65
1.00, 0.56
0.60, 0.54
0.86, 0.75
1.00, 0.64
1.00, 0.58
1.00, 0.70
1.00, 0.58
0.90, 0.53
0.43, 0.53
0.80, 0.58
1.00, 0.58
1.00, 0.64
1.00, 0.55
0.86, 0.54
1.00, 0.60
1.00, 0.63
1.00, 0.60
0.50, 0.57
1.00, 0.56
0.88, 0.66
1.00, 0.55
1.00, 0.55
1.00, 0.65
0.44, 0.55
1.00, 0.76
0.88, 0.55
0.71, 0.60
1.00, 0.58
0.40, 0.54
1.00, 0.58
0.00, 0.53
1.00, 0.57
0.88, 0.61
0.00, 0.52
0.00, 0.56
1.00, 0.51
0.90, 0.78
0.75, 0.64
1.00, 0.52
1.00, 0.53
0.00, 0.55
0.90, 0.52
1.00, 0.67
0.22, 0.52
1.00, 0.55
1.00, 0.58
0.25, 0.54
1.00, 0.58
0.50, 0.51
0.86, 0.62
1.00, 0.52
0.88, 0.55
0.14, 0.52
1.00, 0.65
0.75, 0.59
0.00, 0.52
1.00, 0.56
1.00, 0.53
1.00, 0.67
1.00, 0.62
0.88, 0.61
0.00, 0.53
1.00, 0.69
1.00, 0.67
0.86, 0.75
1.00, 0.54
1.00, 0.53
1.00, 0.57
0.56, 0.52
0.86, 0.54
1.00, 0.70
1.00, 0.51
0.43, 0.52
0.75, 0.53
0.67, 0.56
0.90, 0.56
1.00, 0.56
1.00, 0.68
1.00, 0.52
1.00, 0.60
0.20, 0.52
0.86, 0.51
0.25, 0.50
0.00, 0.57
1.00, 0.55
0.86, 0.53
1.00, 0.55
0.89, 0.53
0.86, 0.53
1.00, 0.66
1.00, 0.62
1.00, 0.60
1.00, 0.56
1.00, 0.64
1.00, 0.56
0.86, 0.65
1.00, 0.54
0.43, 0.53
0.00, 0.51
0.30, 0.53
0.00, 0.55
0.90, 0.62
1.00, 0.59
0.75, 0.65
1.00, 0.86
0.60, 0.56
1.00, 0.56
1.00, 0.54
1.00, 0.50
0.44, 0.54
1.00, 0.63
1.00, 0.59
1.00, 0.62
0.22, 0.53
1.00, 0.56
0.11, 0.60
0.12, 0.59
1.00, 0.63
0.00, 0.53
1.00, 0.55
1.00, 0.58
0.70, 0.58
1.00, 0.54
1.00, 0.70
0.00, 0.50
1.00, 0.70
1.00, 0.66
0.86, 0.57
1.00, 0.65
1.00, 0.60
0.70, 0.54
1.00, 0.55
0.88, 0.58
0.00, 0.50
1.00, 0.55
1.00, 0.55
0.86, 0.57
0.50, 0.54
1.00, 0.55
1.00, 0.54
0.88, 0.56
0.88, 0.62
1.00, 0.62
1.00, 0.68
1.00, 0.58
1.00, 0.57
1.00, 0.62
1.00, 0.53
0.90, 0.55
1.00, 0.63
0.00, 0.52
0.60, 0.59
1.00, 0.57
1.00, 0.52
0.00, 0.57
0.67, 0.53
0.12, 0.53
0.86, 0.60
0.90, 0.68
0.00, 0.52
0.38, 0.55
0.50, 0.66
0.86, 0.53
1.00, 0.56
0.10, 0.58
1.00, 0.59
1.00, 0.53
1.00, 0.62
1.00, 0.65
0.89, 0.59
1.00, 0.55
0.86, 0.56
0.00, 0.62
1.00, 0.62
0.57, 0.54
0.38, 0.55
1.00, 0.62
0.88, 0.54
0.88, 0.69
1.00, 0.56
1.00, 0.51
1.00, 0.63
1.00, 0.56
0.78, 0.66
0.86, 0.56
0.71, 0.57
1.00, 0.66
0.20, 0.62
1.00, 0.69
1.00, 0.65
1.00, 0.51
1.00, 0.51
1.00, 0.68
0.89, 0.52
1.00, 0.53
1.00, 0.57
0.00, 0.52
0.90, 0.64
1.00, 0.58
1.00, 0.59
0.88, 0.57
0.43, 0.54
1.00, 0.62
0.62, 0.52
1.00, 0.56
0.22, 0.52
1.00, 0.56
1.00, 0.55
0.00, 0.55
0.22, 0.59
1.00, 0.58
1.00, 0.65
0.56, 0.54
0.50, 0.57
0.90, 0.68
0.86, 0.50
1.00, 0.56
0.00, 0.54
1.00, 0.56
1.00, 0.58
0.00, 0.52
0.86, 0.59
1.00, 0.55
1.00, 0.53
1.00, 0.53
1.00, 0.53
0.90, 0.57
0.88, 0.69
1.00, 0.54
1.00, 0.67
1.00, 0.59
1.00, 0.56
1.00, 0.53
1.00, 0.66
0.90, 0.69
1.00, 0.58
1.00, 0.61
0.78, 0.71
1.00, 0.58
1.00, 0.54
1.00, 0.61
0.00, 0.54
0.80, 0.51
0.00, 0.51
0.29, 0.54
0.12, 0.61
0.80, 0.66
0.25, 0.54
1.00, 0.61
1.00, 0.56
0.00, 0.58
1.00, 0.53
1.00, 0.56
0.11, 0.54
1.00, 0.59
0.40, 0.67
1.00, 0.66
0.43, 0.58
1.00, 0.59
1.00, 0.65
1.00, 0.54
1.00, 0.53
1.00, 0.60
1.00, 0.63
0.86, 0.56
1.00, 0.62
0.86, 0.54
0.20, 0.75
0.33, 0.51
0.67, 0.62
1.00, 0.58
1.00, 0.49
1.00, 0.62
1.00, 0.56
1.00, 0.64
0.00, 0.53
0.00, 0.56
0.12, 0.54
1.00, 0.66
1.00, 0.55
1.00, 0.58
1.00, 0.67
0.86, 0.55
0.43, 0.61
0.43, 0.53
0.30, 0.63
1.00, 0.60
1.00, 0.57
1.00, 0.57
0.00, 0.53
0.75, 0.56
1.00, 0.59
0.88, 0.57
1.00, 0.63
1.00, 0.54
0.00, 0.57
0.14, 0.53
1.00, 0.55
0.22, 0.52
1.00, 0.65
0.20, 0.53
1.00, 0.68
1.00, 0.58
0.00, 0.53
1.00, 0.69
1.00, 0.60
1.00, 0.67
1.00, 0.55
0.86, 0.52
0.78, 0.53
0.50, 0.52
0.10, 0.57
1.00, 0.56
1.00, 0.54
0.00, 0.51
1.00, 0.63
0.12, 0.62
0.50, 0.54
0.33, 0.53
1.00, 0.67
0.88, 0.54
1.00, 0.54
1.00, 0.65
0.00, 0.59
1.00, 0.65
1.00, 0.52
1.00, 0.53
1.00, 0.72
0.14, 0.52
1.00, 0.53
1.00, 0.54
0.89, 0.57
0.89, 0.60
1.00, 0.58
0.90, 0.82
0.00, 0.55
1.00, 0.55
0.00, 0.53
0.25, 0.55
1.00, 0.57
1.00, 0.61
1.00, 0.55
0.67, 0.54
0.86, 0.56
1.00, 0.52
1.00, 0.52
0.56, 0.59
0.80, 0.61
0.00, 0.57
1.00, 0.64
1.00, 0.55
0.78, 0.52
1.00, 0.58
0.70, 0.57
0.89, 0.54
1.00, 0.57
1.00, 0.55
1.00, 0.62
0.57, 0.58
0.90, 0.74
0.86, 0.56
1.00, 0.61
0.67, 0.63
0.50, 0.53
1.00, 0.63
0.56, 0.61
1.00, 0.53
1.00, 0.62
1.00, 0.59
1.00, 0.50
1.00, 0.63
0.78, 0.56
1.00, 0.64
0.00, 0.58
1.00, 0.55
1.00, 0.56
0.29, 0.59
1.00, 0.67
0.89, 0.52
1.00, 0.58
1.00, 0.57
0.14, 0.54
1.00, 0.57
0.00, 0.54
0.00, 0.52
1.00, 0.56
1.00, 0.73
1.00, 0.54
0.11, 0.54
1.00, 0.56
0.80, 0.60
0.88, 0.54
1.00, 0.59
1.00, 0.50
0.22, 0.52
0.60, 0.67
0.00, 0.55
1.00, 0.61
1.00, 0.52
1.00, 0.74
1.00, 0.55
1.00, 0.54
1.00, 0.62
0.78, 0.65
1.00, 0.56
1.00, 0.50
0.00, 0.54
1.00, 0.53
1.00, 0.53
1.00, 0.64
1.00, 0.52
1.00, 0.53
0.11, 0.51
1.00, 0.74
1.00, 0.67
0.50, 0.62
1.00, 0.63
1.00, 0.54
0.00, 0.54
1.00, 0.53
0.88, 0.63
0.00, 0.52
1.00, 0.72
0.62, 0.52
1.00, 0.55
0.00, 0.52
1.00, 0.60
1.00, 0.73
0.75, 0.53
0.56, 0.55
1.00, 0.54
0.56, 0.61
0.00, 0.53
1.00, 0.54
0.50, 0.51
1.00, 0.60
0.57, 0.55
0.89, 0.53
0.00, 0.55
1.00, 0.58
0.22, 0.62
0.50, 0.54
0.62, 0.51
1.00, 0.68
1.00, 0.55
0.67, 0.53
1.00, 0.62
0.38, 0.53
0.71, 0.58
0.88, 0.56
1.00, 0.59
0.20, 0.62
1.00, 0.59
1.00, 0.60
0.86, 0.59
1.00, 0.59
0.00, 0.52
0.75, 0.55
0.78, 0.62
0.70, 0.73
0.00, 0.54
1.00, 0.57
0.00, 0.53
1.00, 0.60
0.89, 0.63
1.00, 0.56
1.00, 0.53
1.00, 0.65
0.62, 0.56
0.62, 0.57
1.00, 0.60
1.00, 0.57
0.86, 0.72
0.88, 0.55
0.43, 0.52
0.44, 0.53
0.10, 0.50
0.11, 0.52
0.00, 0.52
1.00, 0.51
0.86, 0.53
0.71, 0.55
0.10, 0.52
0.00, 0.54
0.86, 0.56
0.62, 0.64
0.14, 0.56
0.90, 0.69
0.86, 0.70
1.00, 0.63
0.88, 0.58
1.00, 0.62
0.22, 0.60
0.00, 0.54
1.00, 0.58
1.00, 0.70
1.00, 0.58
0.00, 0.53
1.00, 0.54
1.00, 0.63
0.90, 0.65
1.00, 0.56
0.80, 0.56
0.70, 0.56
1.00, 0.54
0.00, 0.50
0.29, 0.50
0.14, 0.77
1.00, 0.57
1.00, 0.65
1.00, 0.59
1.00, 0.56
1.00, 0.53
0.38, 0.65
1.00, 0.65
0.90, 0.58
0.88, 0.51
1.00, 0.58
0.86, 0.52
0.40, 0.55
0.86, 0.56
1.00, 0.56
0.78, 0.55
0.86, 0.56
1.00, 0.63
0.88, 0.57
1.00, 0.56
0.78, 0.53
0.00, 0.53
1.00, 0.55
0.86, 0.79
0.57, 0.53
1.00, 0.56
1.00, 0.56
0.80, 0.54
1.00, 0.58
1.00, 0.54
1.00, 0.57
1.00, 0.69
0.38, 0.67
1.00, 0.51
0.00, 0.61
1.00, 0.73
0.00, 0.57
1.00, 0.58
0.89, 0.53
0.00, 0.52
1.00, 0.54
1.00, 0.61
1.00, 0.59
1.00, 0.56
0.00, 0.53
0.00, 0.53
1.00, 0.55
1.00, 0.55
0.00, 0.50
1.00, 0.90
1.00, 0.53
1.00, 0.69
1.00, 0.73
0.62, 0.69
0.86, 0.55
1.00, 0.59
1.00, 0.56
1.00, 0.56
1.00, 0.66
0.20, 0.58
1.00, 0.61
1.00, 0.59
1.00, 0.69
0.10, 0.52
0.00, 0.60
1.00, 0.58
1.00, 0.62
0.71, 0.53
0.90, 0.54
0.00, 0.50
1.00, 0.72
0.86, 0.53
0.00, 0.52
1.00, 0.54
0.00, 0.56
1.00, 0.65
0.20, 0.52
0.00, 0.53
0.88, 0.63
0.90, 0.56
1.00, 0.56
1.00, 0.63
0.71, 0.59
0.14, 0.52
1.00, 0.64
0.00, 0.71
1.00, 0.57
1.00, 0.58
0.78, 0.62
1.00, 0.56
0.86, 0.57
0.00, 0.52
1.00, 0.63
0.29, 0.51
1.00, 0.54
0.50, 0.56
1.00, 0.71
0.14, 0.53
1.00, 0.69
1.00, 0.56
1.00, 0.63
0.80, 0.64
0.86, 0.54
0.10, 0.59
1.00, 0.60
0.30, 0.52
1.00, 0.56
0.88, 0.58
1.00, 0.53
0.88, 0.56
1.00, 0.61
1.00, 0.61
1.00, 0.65
0.00, 0.52
0.00, 0.53
0.86, 0.62
0.71, 0.58
0.62, 0.64
0.75, 0.67
0.86, 0.53
1.00, 0.56
1.00, 0.53
0.40, 0.56
1.00, 0.56
0.90, 0.69
0.00, 0.52
1.00, 0.55
1.00, 0.54
0.90, 0.60
1.00, 0.62
0.80, 0.60
0.86, 0.67
0.67, 0.67
0.86, 0.55
0.89, 0.67
1.00, 0.55
0.88, 0.60
0.88, 0.56
0.88, 0.54
0.00, 0.57
0.50, 0.54
1.00, 0.58
1.00, 0.51
0.70, 0.58
1.00, 0.55
0.14, 0.50
0.00, 0.52
0.62, 0.53
0.88, 0.65
0.00, 0.51
0.88, 0.57
1.00, 0.71
0.67, 0.66
0.88, 0.56
1.00, 0.56
0.43, 0.55
1.00, 0.60
0.25, 0.53
1.00, 0.55
0.29, 0.53
1.00, 0.60
0.38, 0.58
0.00, 0.50
1.00, 0.56
0.75, 0.54
1.00, 0.59
0.43, 0.57
1.00, 0.67
1.00, 0.62
0.29, 0.52
0.62, 0.55
1.00, 0.59
1.00, 0.55
1.00, 0.55
0.00, 0.52
1.00, 0.56
0.90, 0.84
1.00, 0.53
1.00, 0.53
0.00, 0.54
1.00, 0.59
1.00, 0.59
1.00, 0.55
1.00, 0.53
1.00, 0.61
1.00, 0.63
0.88, 0.62
0.90, 0.57
0.43, 0.53
1.00, 0.74
1.00, 0.64
0.71, 0.59
1.00, 0.53
1.00, 0.55
1.00, 0.55
1.00, 0.62
1.00, 0.61
1.00, 0.53
0.29, 0.57
1.00, 0.53
1.00, 0.60
1.00, 0.56
1.00, 0.55
1.00, 0.54
0.00, 0.54
0.71, 0.59
0.14, 0.51
1.00, 0.60
0.00, 0.60
1.00, 0.54
0.14, 0.56
1.00, 0.70
0.00, 0.54
0.00, 0.52
1.00, 0.59
1.00, 0.61
1.00, 0.55
0.89, 0.56
0.29, 0.53
1.00, 0.59
0.70, 0.55
1.00, 0.55
1.00, 0.63
0.71, 0.53
1.00, 0.56
1.00, 0.57
0.90, 0.78
1.00, 0.68
0.88, 0.59
0.88, 0.63
1.00, 0.59
0.00, 0.59
0.29, 0.53
0.86, 0.56
1.00, 0.61
0.86, 0.57
0.62, 0.51
0.88, 0.54
1.00, 0.75
1.00, 0.54
0.00, 0.53
1.00, 0.56
1.00, 0.56
0.62, 0.54
1.00, 0.53
1.00, 0.58
0.78, 0.52
1.00, 0.57
0.60, 0.65
1.00, 0.77
0.29, 0.56
0.50, 0.72
0.75, 0.51
0.89, 0.66
0.78, 0.54
1.00, 0.52
0.71, 0.57
0.90, 0.54
0.86, 0.54
0.86, 0.61
1.00, 0.54
1.00, 0.53
1.00, 0.60
1.00, 0.65
1.00, 0.56
1.00, 0.56
0.75, 0.53
0.56, 0.57
0.00, 0.51
1.00, 0.75
0.89, 0.60
1.00, 0.68
0.88, 0.58
0.60, 0.62
0.30, 0.55
0.80, 0.53
0.12, 0.56
1.00, 0.54
0.12, 0.55
0.86, 0.60
0.67, 0.72
1.00, 0.63
0.78, 0.58
1.00, 0.55
0.40, 0.57
0.10, 0.52
1.00, 0.57
0.57, 0.55
1.00, 0.59
0.00, 0.52
1.00, 0.64
1.00, 0.55
1.00, 0.57
0.71, 0.57
0.67, 0.54
1.00, 0.64
0.90, 0.59
0.00, 0.52
0.89, 0.52
0.00, 0.55
1.00, 0.62
0.33, 0.56
1.00, 0.56
0.40, 0.54
0.00, 0.52
0.00, 0.52
0.86, 0.68
0.50, 0.65
0.00, 0.52
0.00, 0.56
0.57, 0.54
1.00, 0.69
1.00, 0.55
1.00, 0.67
1.00, 0.67
1.00, 0.75
0.12, 0.55
1.00, 0.66
0.86, 0.56
0.86, 0.53
0.88, 0.57
1.00, 0.55
0.22, 0.52
0.88, 0.56
0.90, 0.52
0.33, 0.53
0.00, 0.52
1.00, 0.51
1.00, 0.61
1.00, 0.61
1.00, 0.53
0.86, 0.53
0.00, 0.52
0.44, 0.70
0.86, 0.56
0.80, 0.64
0.62, 0.64
1.00, 0.62
1.00, 0.56
0.30, 0.52
0.00, 0.52
0.00, 0.54
1.00, 0.55
0.88, 0.62
0.22, 0.56
0.90, 0.73
1.00, 0.72
0.29, 0.54
0.00, 0.57
0.71, 0.63
0.40, 0.59
1.00, 0.61
1.00, 0.54
0.56, 0.55
0.71, 0.60
0.12, 0.52
1.00, 0.58
1.00, 0.71
1.00, 0.66
0.88, 0.53
1.00, 0.53
0.43, 0.53
1.00, 0.54
1.00, 0.63
0.22, 0.53
0.00, 0.52
0.00, 0.54
1.00, 0.55
0.14, 0.67
1.00, 0.52
1.00, 0.53
1.00, 0.61
0.00, 0.52
1.00, 0.64
1.00, 0.55
1.00, 0.52
1.00, 0.71
0.75, 0.51
0.25, 0.52
1.00, 0.62
0.30, 0.58
0.00, 0.49
1.00, 0.52
1.00, 0.53
0.89, 0.56
0.25, 0.52
1.00, 0.53
0.67, 0.54
0.57, 0.58
0.90, 0.56
1.00, 0.62
1.00, 0.55
1.00, 0.60
0.57, 0.57
0.43, 0.57
1.00, 0.56
0.89, 0.65
0.86, 0.56
0.00, 0.54
0.57, 0.59
0.86, 0.66
0.33, 0.63
1.00, 0.68
1.00, 0.67
0.00, 0.64
0.88, 0.68
1.00, 0.56
0.00, 0.53
0.86, 0.52
1.00, 0.55
1.00, 0.57
1.00, 0.57
1.00, 0.54
1.00, 0.64
1.00, 0.53
1.00, 0.63
0.89, 0.58
1.00, 0.66
0.89, 0.58
1.00, 0.53
1.00, 0.55
1.00, 0.55
1.00, 0.54
0.90, 0.70
0.88, 0.59
0.90, 0.65
1.00, 0.52
1.00, 0.66
0.00, 0.52
0.00, 0.52
0.90, 0.66
0.11, 0.56
0.00, 0.60
0.00, 0.53
0.57, 0.54
0.00, 0.51
1.00, 0.62
1.00, 0.60
0.00, 0.54
0.90, 0.74
1.00, 0.56
0.00, 0.52
1.00, 0.76
0.86, 0.61
1.00, 0.59
0.00, 0.52
0.00, 0.55
1.00, 0.65
1.00, 0.63
1.00, 0.56
1.00, 0.57
0.38, 0.58
0.12, 0.53
1.00, 0.61
0.62, 0.56
0.00, 0.55
0.00, 0.52
0.70, 0.62
0.86, 0.55
0.57, 0.54
1.00, 0.59
0.62, 0.56
0.43, 0.54
0.00, 0.52
0.22, 0.58
0.00, 0.55
0.80, 0.53
0.71, 0.52
1.00, 0.56
1.00, 0.57
0.50, 0.56
1.00, 0.68
1.00, 0.68
0.71, 0.67
1.00, 0.53
0.10, 0.53
1.00, 0.59
1.00, 1.03
1.00, 0.49
1.00, 0.53
0.00, 0.51
0.88, 0.64
0.00, 0.54
0.25, 0.53
1.00, 0.66
1.00, 0.56
1.00, 0.59
1.00, 0.73
0.44, 0.51
1.00, 0.54
0.00, 0.53
0.00, 0.51
1.00, 0.55
0.86, 0.57
1.00, 0.54
0.86, 0.56
0.00, 0.52
0.90, 0.60
1.00, 0.51
1.00, 0.54
1.00, 0.51
1.00, 0.55
0.60, 0.62
0.90, 0.61
1.00, 0.65
0.00, 0.52
0.00, 0.51
0.00, 0.54
1.00, 0.62
0.00, 0.52
1.00, 0.57
0.00, 0.51
0.00, 0.52
0.89, 0.59
0.00, 0.52
0.90, 0.65
0.00, 0.51
0.88, 0.50
0.90, 0.53
1.00, 0.53
0.88, 0.65
0.62, 0.63
0.00, 0.56
0.57, 0.56
0.62, 0.68
1.00, 0.73
0.00, 0.54
1.00, 0.56
0.86, 0.61
1.00, 0.66
1.00, 0.68
1.00, 0.65
1.00, 0.53
0.78, 0.68
0.00, 0.53
1.00, 0.53
0.43, 0.63
1.00, 0.69
1.00, 0.62
0.88, 0.61
0.88, 0.60
0.20, 0.50
1.00, 0.56
1.00, 0.62
1.00, 0.70
0.43, 0.54
1.00, 0.59
1.00, 0.51
0.57, 0.55
1.00, 0.63
0.88, 0.67
1.00, 0.59
1.00, 0.52
0.89, 0.57
0.89, 0.55
1.00, 0.55
1.00, 0.62
1.00, 0.58
0.90, 0.73
1.00, 0.61
1.00, 0.53
0.75, 0.49
0.43, 0.53
1.00, 0.55
0.86, 0.54
0.70, 0.50
0.57, 0.55
0.70, 0.60
0.00, 0.53
0.43, 0.53
0.00, 0.55
1.00, 0.62
0.00, 0.51
1.00, 0.77
1.00, 0.52
1.00, 0.55
0.25, 0.53
1.00, 0.53
1.00, 0.58
1.00, 0.70
1.00, 0.60
1.00, 0.51
0.88, 0.53
0.57, 0.55
0.90, 0.57
1.00, 0.67
1.00, 0.61
0.60, 0.70
1.00, 0.70
0.90, 0.70
0.71, 0.51
1.00, 0.55
1.00, 0.59
1.00, 0.65
1.00, 0.57
0.10, 0.60
1.00, 0.56
0.38, 0.55
0.00, 0.54
1.00, 0.59
1.00, 0.55
1.00, 0.61
1.00, 0.74
1.00, 0.55
1.00, 0.57
0.71, 0.58
0.00, 0.53
1.00, 0.69
1.00, 0.60
0.00, 0.59
1.00, 0.71
1.00, 0.55
0.71, 0.52
0.00, 0.52
1.00, 0.61
0.90, 0.69
0.25, 0.53
0.86, 0.53
1.00, 0.56
0.90, 0.60
1.00, 0.53
1.00, 0.60
1.00, 0.70
0.29, 0.50
0.71, 0.56
0.22, 0.52
1.00, 0.52
0.25, 0.52
1.00, 0.73
1.00, 0.55
0.00, 0.53
1.00, 0.55
0.88, 0.62
1.00, 0.53
0.20, 0.59
0.29, 0.52
0.40, 0.60
1.00, 0.59
0.71, 0.53
0.80, 0.64
0.00, 0.55
0.29, 0.52
0.90, 0.62
1.00, 0.65
1.00, 0.54
0.86, 0.62
0.43, 0.56
0.89, 0.61
1.00, 0.56
1.00, 0.60
1.00, 0.55
1.00, 0.51
1.00, 0.59
1.00, 0.57
0.60, 0.60
1.00, 0.54
0.40, 0.74
1.00, 0.61
0.90, 0.56
0.40, 0.56
0.89, 0.68
0.78, 0.57
0.71, 0.59
1.00, 0.62
0.00, 0.56
1.00, 0.60
0.89, 0.58
0.80, 0.49
0.14, 0.51
0.00, 0.52
1.00, 0.52
1.00, 0.53
1.00, 0.56
1.00, 0.57
0.00, 0.53
1.00, 0.67
0.38, 0.52
1.00, 0.58
0.88, 0.51
0.89, 0.54
0.00, 0.52
1.00, 0.75
0.00, 0.53
1.00, 0.67
0.56, 0.51
0.62, 0.71
1.00, 0.73
0.88, 0.55
0.90, 0.51
1.00, 0.67
0.90, 0.60
0.40, 0.68
0.90, 0.67
0.86, 0.51
0.00, 0.54
1.00, 0.67
0.56, 0.51
1.00, 0.57
1.00, 0.60
1.00, 0.54
0.86, 0.53
0.00, 0.54
1.00, 0.63
0.20, 0.67
1.00, 0.54
1.00, 0.58
0.71, 0.54
1.00, 0.57
1.00, 0.59
1.00, 0.56
0.00, 0.52
1.00, 0.56
0.71, 0.70
0.00, 0.50
0.60, 0.56
0.67, 0.56
1.00, 0.58
1.00, 0.53
1.00, 0.71
0.00, 0.57
1.00, 0.60
1.00, 0.59
1.00, 0.66
1.00, 0.74
0.90, 0.67
0.86, 0.56
0.57, 0.52
1.00, 0.57
0.60, 0.63
1.00, 0.58
1.00, 0.53
1.00, 0.67
1.00, 0.56
1.00, 0.72
0.20, 0.60
1.00, 0.55
1.00, 0.55
1.00, 0.56
0.50, 0.50
0.00, 0.54
1.00, 0.57
0.88, 0.56
1.00, 0.56
1.00, 0.71
1.00, 0.60
0.86, 0.57
0.71, 0.55
0.50, 0.57
1.00, 0.52
0.90, 0.64
1.00, 0.62
1.00, 0.54
0.78, 0.56
0.80, 0.55
0.25, 0.59
0.22, 0.54
0.57, 0.76
1.00, 0.55
0.86, 0.54
0.38, 0.54
0.12, 0.58
1.00, 0.51
1.00, 0.58
0.88, 0.61
1.00, 0.53
1.00, 0.51
1.00, 0.54
0.86, 0.56
0.00, 0.51
1.00, 0.56
0.89, 0.62
0.62, 0.51
1.00, 0.58
0.89, 0.58
1.00, 0.54
0.00, 0.54
0.88, 0.71
1.00, 0.56
1.00, 0.54
1.00, 0.64
0.00, 0.55
0.86, 0.53
1.00, 0.62
0.89, 0.77
0.00, 0.56
1.00, 0.58
1.00, 0.60
1.00, 0.70
1.00, 0.60
0.71, 0.58
1.00, 0.55
1.00, 0.55
1.00, 0.59
1.00, 0.53
1.00, 0.64
1.00, 0.75
0.88, 0.58
1.00, 0.57
0.86, 0.56
1.00, 0.54
1.00, 0.55
0.88, 0.52
1.00, 0.56
0.80, 0.63
0.88, 0.56
0.00, 0.56
1.00, 0.57
1.00, 0.54
0.00, 0.54
0.86, 0.53
0.57, 0.53
0.86, 0.60
1.00, 0.71
1.00, 0.54
0.57, 0.53
1.00, 0.56
0.89, 0.69
0.00, 0.55
0.00, 0.57
1.00, 0.73
0.00, 0.55
1.00, 0.57
0.90, 0.69
1.00, 0.55
0.29, 0.53
0.90, 0.66
1.00, 0.68
1.00, 0.52
1.00, 0.63
0.44, 0.53
1.00, 0.65
1.00, 0.66
0.75, 0.54
0.00, 0.54
0.22, 0.65
1.00, 0.65
1.00, 0.54
0.20, 0.51
0.22, 0.51
0.25, 0.53
1.00, 0.56
0.43, 0.53
1.00, 0.57
1.00, 0.57
1.00, 0.69
1.00, 0.55
1.00, 0.60
0.50, 0.64
0.86, 0.56
1.00, 0.57
0.00, 0.52
0.00, 0.57
0.90, 0.58
0.75, 0.64
0.00, 0.56
0.00, 0.51
1.00, 0.55
1.00, 0.56
1.00, 0.54
1.00, 0.60
1.00, 0.56
1.00, 0.58
1.00, 0.68
0.50, 0.53
1.00, 0.75
0.00, 0.57
0.78, 0.55
0.11, 0.68
0.88, 0.64
0.71, 0.56
0.89, 0.51
0.88, 0.68
0.14, 0.55
0.29, 0.59
0.00, 0.52
0.88, 0.52
1.00, 0.71
0.62, 0.58
0.14, 0.61
1.00, 0.59
0.12, 0.53
1.00, 0.54
0.60, 0.54
0.86, 0.61
1.00, 0.61
0.56, 0.63
0.00, 0.56
0.20, 0.54
0.88, 0.65
0.12, 0.53
1.00, 0.61
0.00, 0.53
0.50, 0.52
1.00, 0.57
0.12, 0.52
0.86, 0.61
0.44, 0.57
1.00, 0.52
1.00, 0.55
0.00, 0.52
0.88, 0.69
1.00, 0.71
1.00, 0.55
0.43, 0.53
0.86, 0.52
0.38, 0.55
1.00, 0.57
0.90, 0.69
1.00, 0.67
0.22, 0.52
0.86, 0.54
1.00, 0.59
0.00, 0.54
1.00, 0.60
1.00, 0.66
0.90, 0.68
1.00, 0.53
0.29, 0.52
0.29, 0.56
0.70, 0.59
1.00, 0.63
1.00, 0.55
0.00, 0.52
1.00, 0.65
0.10, 0.52
1.00, 0.67
0.22, 0.51
0.14, 0.53
1.00, 0.59
1.00, 0.66
1.00, 0.57
0.89, 0.68
1.00, 0.58
0.00, 0.52
0.89, 0.69
0.60, 0.66
1.00, 0.54
0.00, 0.54
1.00, 0.64
0.38, 0.60
0.71, 0.60
0.00, 0.58
0.90, 0.54
0.62, 0.55
1.00, 0.56
0.10, 0.50
0.11, 0.53
0.00, 0.52
0.80, 0.55
1.00, 0.59
1.00, 0.65
0.00, 0.59
0.90, 0.58
0.43, 0.58
1.00, 0.67
0.00, 0.52
1.00, 0.52
0.89, 0.64
1.00, 0.57
1.00, 0.61
0.30, 0.55
1.00, 0.65
0.78, 0.55
1.00, 0.55
0.00, 0.53
1.00, 0.70
1.00, 0.61
0.50, 0.55
1.00, 0.57
0.00, 0.52
0.43, 0.52
0.44, 0.54
1.00, 0.69
0.60, 0.51
1.00, 0.55
0.71, 0.63
1.00, 0.58
0.00, 0.53
0.71, 0.57
1.00, 0.69
1.00, 0.69
0.86, 0.53
1.00, 0.72
1.00, 0.69
1.00, 0.55
0.00, 0.53
0.50, 0.53
1.00, 0.55
0.86, 0.65
0.71, 0.67
1.00, 0.57
1.00, 0.62
0.57, 0.54
1.00, 0.59
0.25, 0.70
0.88, 0.55
0.14, 0.53
0.30, 0.55
0.00, 0.50
1.00, 0.53
0.00, 0.52
1.00, 0.59
0.10, 0.52
0.57, 0.62
0.00, 0.50
0.86, 0.56
0.29, 0.56
0.00, 0.57
0.12, 0.51
1.00, 0.63
0.78, 0.57
1.00, 0.59
0.40, 0.59
1.00, 0.61
1.00, 0.57
1.00, 0.56
0.25, 0.57
1.00, 0.62
1.00, 0.52
0.00, 0.52
1.00, 0.54
1.00, 0.52
1.00, 0.60
1.00, 0.60
0.67, 0.60
0.88, 0.72
1.00, 0.53
0.89, 0.54
1.00, 0.54
1.00, 0.52
0.14, 0.60
0.86, 0.54
1.00, 0.55
0.57, 0.57
1.00, 0.59
0.80, 0.57
0.88, 0.69
0.90, 0.61
1.00, 0.59
1.00, 0.65
1.00, 0.64
1.00, 0.52
0.00, 0.57
0.86, 0.53
1.00, 0.55
0.38, 0.54
0.14, 0.69
1.00, 0.56
1.00, 0.57
0.75, 0.54
1.00, 0.67
0.00, 0.51
0.56, 0.58
1.00, 0.53
1.00, 0.61
0.29, 0.64
1.00, 0.61
0.78, 0.54
0.00, 0.60
0.00, 0.51
1.00, 0.54
1.00, 0.55
0.71, 0.58
0.90, 0.71
1.00, 0.54
0.71, 0.54
0.00, 0.54
1.00, 0.56
0.10, 0.52
1.00, 0.54
0.20, 0.52
1.00, 0.69
1.00, 0.65
0.89, 0.71
1.00, 0.55
1.00, 0.61
1.00, 0.65
1.00, 0.55
0.00, 0.53
0.00, 0.52
0.57, 0.55
1.00, 0.59
1.00, 0.62
0.43, 0.51
0.29, 0.54
1.00, 0.58
1.00, 0.62
1.00, 0.59
0.70, 0.56
0.57, 0.56
1.00, 0.54
0.00, 0.54
0.14, 0.54
0.80, 0.63
0.90, 0.70
0.90, 0.69
1.00, 0.54
1.00, 0.64
1.00, 0.58
0.43, 0.56
1.00, 0.56
1.00, 0.63
0.75, 0.50
0.89, 0.53
0.90, 0.60
1.00, 0.71
0.86, 0.61
0.29, 0.51
1.00, 0.69
1.00, 0.56
1.00, 0.64
0.00, 0.53
0.29, 0.56
0.71, 0.57
0.00, 0.52
1.00, 0.62
1.00, 0.63
0.30, 0.52
1.00, 0.54
1.00, 0.71
1.00, 0.53
0.71, 0.51
1.00, 0.60
1.00, 0.56
0.00, 0.53
1.00, 0.53
1.00, 0.61
1.00, 0.61
1.00, 0.56
0.78, 0.66
1.00, 0.71
1.00, 0.52
0.75, 0.66
1.00, 0.63
0.30, 0.55
1.00, 0.52
1.00, 0.54
1.00, 0.60
1.00, 0.64
0.00, 0.52
0.25, 0.59
1.00, 0.55
1.00, 0.64
1.00, 0.61
0.38, 0.51
0.00, 0.54
0.86, 0.58
1.00, 0.63
1.00, 0.78
0.71, 0.58
0.62, 0.53
0.00, 0.49
0.62, 0.57
0.12, 0.55
0.00, 0.53
0.71, 0.57
1.00, 0.54
0.43, 0.56
1.00, 0.65
1.00, 0.60
0.14, 0.57
1.00, 0.56
0.10, 0.54
1.00, 0.57
1.00, 0.60
0.00, 0.53
1.00, 0.64
0.89, 0.58
1.00, 0.59
0.88, 0.55
1.00, 0.58
1.00, 0.65
1.00, 0.65
0.56, 0.54
0.90, 0.70
1.00, 0.64
0.25, 0.54
1.00, 0.63
0.80, 0.68
1.00, 0.66
1.00, 0.61
0.12, 0.56
0.00, 0.52
1.00, 0.66
1.00, 0.62
0.00, 0.52
0.86, 0.57
0.00, 0.51
1.00, 0.52
1.00, 0.63
1.00, 0.56
0.43, 0.53
0.88, 0.60
1.00, 0.57
1.00, 0.58
0.20, 0.52
1.00, 0.54
1.00, 0.57
0.67, 0.55
0.62, 0.52
1.00, 0.56
1.00, 0.54
0.62, 0.62
1.00, 0.56
1.00, 0.59
1.00, 0.59
1.00, 0.62
0.90, 0.68
1.00, 0.62
1.00, 0.65
1.00, 0.52
0.75, 0.52
0.71, 0.59
0.50, 0.53
1.00, 0.52
0.80, 0.62
1.00, 0.66
1.00, 0.58
0.88, 0.61
0.78, 0.53
0.33, 0.50
0.00, 0.52
1.00, 0.58
0.86, 0.59
0.00, 0.51
0.00, 0.63
0.88, 0.57
1.00, 0.63
1.00, 0.57
0.12, 0.52
0.50, 0.50
1.00, 0.51
0.00, 0.57
1.00, 0.57
1.00, 0.64
1.00, 0.68
1.00, 0.54
1.00, 0.62
0.00, 0.52
1.00, 0.59
1.00, 0.61
0.67, 0.55
1.00, 0.56
1.00, 0.56
0.12, 0.57
1.00, 0.55
1.00, 0.72
1.00, 0.61
1.00, 0.65
0.00, 0.51
0.75, 0.61
1.00, 0.56
0.78, 0.58
0.86, 0.55
0.90, 0.63
0.50, 0.85
0.00, 0.53
0.86, 0.54
1.00, 0.52
0.29, 0.52
1.00, 0.71
1.00, 0.63
1.00, 0.55
0.71, 0.56
0.44, 0.52
0.29, 0.54
1.00, 0.53
1.00, 0.55
0.88, 0.62
1.00, 0.66
1.00, 0.65
0.88, 0.53
0.57, 0.59
0.00, 0.54
1.00, 0.58
1.00, 0.57
1.00, 0.54
1.00, 0.59
0.00, 0.50
0.86, 0.53
0.00, 0.51
0.20, 0.54
0.00, 0.55
1.00, 0.64
1.00, 0.64
0.00, 0.62
0.11, 0.53
0.00, 0.49
1.00, 0.65
0.78, 0.56
1.00, 0.52
1.00, 0.73
1.00, 0.72
0.10, 0.54
1.00, 0.60
0.00, 0.53
0.88, 0.52
0.71, 0.53
1.00, 0.64
1.00, 0.66
1.00, 0.55
0.33, 0.53
0.80, 0.59
0.00, 0.49
0.89, 0.61
0.00, 0.57
0.80, 0.61
0.88, 0.55
0.29, 0.56
0.67, 0.52
0.00, 0.54
1.00, 0.64
0.25, 0.51
0.90, 0.58
1.00, 0.59
1.00, 0.55
0.88, 0.53
1.00, 0.62
0.78, 0.60
1.00, 0.55
1.00, 0.64
0.33, 0.54
0.60, 0.55
0.90, 0.62
0.00, 0.57
1.00, 0.54
1.00, 0.64
1.00, 0.67
0.78, 0.62
0.80, 0.77
1.00, 0.53
1.00, 0.69
0.71, 0.54
0.00, 0.50
1.00, 0.55
0.89, 0.69
0.14, 0.54
0.75, 0.59
0.89, 0.57
1.00, 0.63
1.00, 0.55
1.00, 0.55
1.00, 0.56
0.75, 0.53
0.50, 0.51
0.00, 0.58
1.00, 0.57
1.00, 0.59
1.00, 0.52
1.00, 0.52
0.89, 0.55
0.90, 0.70
0.88, 0.60
1.00, 0.66
1.00, 0.60
1.00, 0.73
1.00, 0.74
0.71, 0.56
1.00, 0.64
0.00, 0.51
0.00, 0.52
1.00, 0.54
0.00, 0.53
0.86, 0.64
0.75, 0.53
0.75, 0.73
0.86, 0.67
1.00, 0.63
0.89, 0.71
0.29, 0.52
1.00, 0.62
1.00, 0.56
0.14, 0.55
0.00, 0.56
1.00, 0.57
0.67, 0.55
0.56, 0.54
0.86, 0.55
0.38, 0.56
0.00, 0.52
0.00, 0.54
1.00, 0.54
1.00, 0.62
0.00, 0.54
0.67, 0.54
0.14, 0.54
1.00, 0.57
1.00, 0.53
0.70, 0.62
0.38, 0.62
0.00, 0.50
0.43, 0.59
0.00, 0.58
1.00, 0.56
0.00, 0.52
1.00, 0.58
1.00, 0.69
0.62, 0.69
0.71, 0.51
1.00, 0.65
1.00, 0.64
1.00, 0.55
0.00, 0.51
0.12, 0.49
0.43, 0.54
1.00, 0.61
0.25, 0.56
1.00, 0.61
1.00, 0.53
1.00, 0.63
1.00, 0.60
0.30, 0.54
1.00, 0.64
1.00, 0.56
0.90, 0.63
0.88, 0.53
0.12, 0.61
0.00, 0.53
0.78, 0.69
1.00, 0.62
0.00, 0.52
1.00, 0.55
0.88, 0.54
0.25, 0.57
0.90, 0.57
0.44, 0.58
0.80, 0.52
0.43, 0.49
1.00, 0.54
1.00, 0.58
1.00, 0.60
1.00, 0.62
1.00, 0.54
0.62, 0.59
1.00, 0.54
0.29, 0.52
0.90, 0.61
0.33, 0.51
1.00, 0.64
0.29, 0.50
1.00, 0.63
1.00, 0.67
0.10, 0.54
0.00, 0.56
0.62, 0.56
1.00, 0.53
1.00, 0.70
0.29, 0.53
0.89, 0.63
1.00, 0.55
1.00, 0.53
0.33, 0.52
1.00, 0.77
1.00, 0.54
1.00, 0.59
1.00, 0.58
0.88, 0.66
0.00, 0.57
0.71, 0.55
0.50, 0.55
0.78, 0.54
1.00, 0.66
1.00, 0.54
1.00, 0.54
0.71, 0.54
1.00, 0.52
1.00, 0.56
1.00, 0.55
1.00, 0.65
1.00, 0.69
1.00, 0.59
0.86, 0.61
1.00, 0.55
0.00, 0.52
0.90, 0.66
1.00, 0.63
0.14, 0.53
0.86, 0.56
1.00, 0.59
0.88, 0.55
0.00, 0.72
0.00, 0.55
1.00, 0.62
0.86, 0.56
1.00, 0.57
1.00, 0.53
1.00, 0.59
0.44, 0.58
1.00, 0.52
0.80, 0.58
1.00, 0.64
0.10, 0.52
1.00, 0.58
0.30, 0.54
1.00, 0.63
1.00, 0.58
0.00, 0.54
0.14, 0.53
1.00, 0.54
1.00, 0.63
0.70, 0.61
0.75, 0.59
0.78, 0.63
0.00, 0.54
1.00, 0.55
0.30, 0.56
1.00, 0.54
0.10, 0.54
0.75, 0.59
1.00, 0.60
1.00, 0.53
0.75, 0.52
0.12, 0.51
0.90, 0.75
1.00, 0.64
0.86, 0.51
0.00, 0.55
1.00, 0.67
1.00, 0.61
0.86, 0.64
0.90, 0.67
1.00, 0.55
1.00, 0.63
0.78, 0.54
1.00, 0.56
0.89, 0.59
1.00, 0.56
0.38, 0.50
0.00, 0.54
0.00, 0.57
0.10, 0.78
0.50, 0.54
1.00, 0.62
0.80, 0.52
1.00, 0.59
1.00, 0.67
0.00, 0.56
0.71, 0.56
1.00, 0.63
0.86, 0.58
0.89, 0.56
0.14, 0.53
0.14, 0.51
0.80, 0.70
0.25, 0.67
0.80, 0.69
0.57, 0.52
0.14, 0.52
0.88, 0.56
0.75, 0.58
1.00, 0.61
0.88, 0.57
0.67, 0.51
1.00, 0.56
0.90, 0.57
0.75, 0.52
0.00, 0.55
1.00, 0.51
0.86, 0.62
1.00, 0.54
0.78, 0.55
0.80, 0.62
1.00, 0.62
1.00, 0.51
1.00, 0.63
0.44, 0.56
1.00, 0.52
0.00, 0.53
1.00, 0.56
1.00, 0.64
0.80, 0.65
1.00, 0.72
0.00, 0.49
1.00, 0.69
1.00, 0.76
1.00, 0.57
1.00, 0.52
0.86, 0.65
1.00, 0.56
0.56, 0.61
1.00, 0.62
0.50, 0.53
0.00, 0.51
0.00, 0.49
1.00, 0.64
1.00, 0.59
1.00, 0.54
1.00, 0.55
1.00, 0.61
0.88, 0.56
0.00, 0.54
1.00, 0.56
0.00, 0.50
0.00, 0.57
1.00, 0.62
1.00, 0.69
1.00, 0.57
0.00, 0.51
0.90, 0.62
0.89, 0.56
0.00, 0.51
0.70, 0.61
1.00, 0.57
1.00, 0.52
1.00, 0.53
0.12, 0.56
1.00, 0.71
0.80, 0.79
1.00, 0.52
0.20, 0.53
0.71, 0.56
1.00, 0.56
0.90, 0.66
1.00, 0.54
0.00, 0.54
1.00, 0.58
1.00, 0.60
1.00, 0.68
1.00, 0.61
1.00, 0.53
0.57, 0.62
0.44, 0.58
0.86, 0.57
0.00, 0.51
0.56, 0.53
0.00, 0.52
0.88, 0.52
1.00, 0.58
0.90, 0.67
0.88, 0.60
0.80, 0.55
0.89, 0.68
0.30, 0.51
1.00, 0.63
1.00, 0.58
0.43, 0.50
0.43, 0.55
1.00, 0.66
0.00, 0.51
0.14, 0.52
0.88, 0.71
1.00, 0.60
1.00, 0.58
1.00, 0.57
0.00, 0.55
0.60, 0.70
1.00, 0.55
1.00, 0.53
0.00, 0.51
1.00, 0.65
0.57, 0.55
1.00, 0.72
0.44, 0.51
1.00, 0.61
0.70, 0.54
1.00, 0.65
0.86, 0.54
1.00, 0.58
0.86, 0.51
0.62, 0.55
1.00, 0.71
1.00, 0.56
0.80, 0.52
0.11, 0.68
1.00, 0.59
0.60, 0.70
1.00, 0.56
0.86, 0.56
1.00, 0.66
1.00, 0.59
1.00, 0.63
1.00, 0.56
1.00, 0.64
0.89, 0.59
0.00, 0.57
1.00, 0.59
0.44, 0.50
1.00, 0.55
1.00, 0.54
1.00, 0.59
1.00, 0.54
0.70, 0.54
1.00, 0.50
0.62, 0.56
1.00, 0.63
1.00, 0.72
0.90, 0.53
0.86, 0.69
1.00, 0.59
0.44, 0.53
0.00, 0.51
1.00, 0.59
1.00, 0.60
1.00, 0.56
1.00, 0.56
0.11, 0.51
1.00, 0.55
0.89, 0.54
1.00, 0.58
1.00, 0.55
0.88, 0.57
1.00, 0.67
1.00, 0.57
0.38, 0.53
1.00, 0.58
1.00, 0.64
1.00, 0.51
0.14, 0.53
0.10, 0.52
1.00, 0.55
0.86, 0.62
0.00, 0.53
1.00, 0.60
0.86, 0.67
1.00, 0.55
0.00, 0.63
0.89, 0.52
1.00, 0.60
0.60, 0.67
0.56, 0.54
1.00, 0.58
0.00, 0.53
0.00, 0.55
0.86, 0.58
1.00, 0.61
1.00, 0.59
0.43, 0.54
0.00, 0.54
1.00, 0.62
1.00, 0.57
0.44, 0.53
0.00, 0.51
1.00, 0.53
1.00, 0.78
0.86, 0.52
1.00, 0.59
0.70, 0.55
1.00, 0.65
0.50, 0.60
0.90, 0.64
0.70, 0.55
1.00, 0.56
0.12, 0.60
1.00, 0.69
1.00, 0.57
1.00, 0.54
0.75, 0.53
1.00, 0.76
1.00, 0.57
1.00, 0.64
0.86, 0.56
0.00, 0.54
1.00, 0.58
1.00, 0.52
0.00, 0.49
0.12, 0.52
1.00, 0.59
0.00, 0.52
1.00, 0.58
0.00, 0.57
1.00, 0.60
1.00, 0.63
1.00, 0.56
0.25, 0.54
0.75, 0.71
1.00, 0.55
1.00, 0.57
1.00, 0.64
1.00, 0.55
0.89, 0.59
1.00, 0.60
0.38, 0.59
1.00, 0.59
1.00, 0.63
1.00, 0.53
1.00, 0.55
0.75, 0.55
1.00, 0.56
0.00, 0.50
1.00, 0.73
0.75, 0.70
0.33, 0.54
1.00, 0.52
0.14, 0.52
0.00, 0.51
1.00, 0.65
1.00, 0.59
0.43, 0.58
0.25, 0.53
1.00, 0.55
0.00, 0.51
0.38, 0.70
0.86, 0.67
1.00, 0.56
1.00, 0.52
1.00, 0.65
0.75, 0.54
0.80, 0.73
0.71, 0.68
0.86, 0.61
1.00, 0.54
1.00, 0.54
1.00, 0.61
1.00, 0.57
0.57, 0.52
0.43, 0.54
0.88, 0.51
0.29, 0.55
1.00, 0.66
0.75, 0.55
0.90, 0.60
1.00, 0.63
0.00, 0.54
1.00, 0.71
0.33, 0.56
1.00, 0.57
0.00, 0.54
1.00, 0.56
1.00, 0.63
1.00, 0.53
1.00, 0.57
0.78, 0.57
1.00, 0.57
1.00, 0.58
0.89, 0.55
0.29, 0.57
0.00, 0.50
1.00, 0.57
1.00, 0.70
0.57, 0.56
0.10, 0.53
0.71, 0.58
1.00, 0.56
0.29, 0.52
1.00, 0.55
0.57, 0.59
0.00, 0.54
0.60, 0.65
1.00, 0.55
1.00, 0.54
1.00, 0.65
0.00, 0.55
1.00, 0.63
1.00, 0.52
1.00, 0.64
0.12, 0.54
1.00, 0.56
1.00, 0.56
0.20, 0.56
0.00, 0.53
0.30, 0.56
1.00, 0.64
0.71, 0.62
1.00, 0.56
0.00, 0.53
1.00, 0.69
1.00, 0.66
0.86, 0.56
0.38, 0.54
0.00, 0.52
0.00, 0.54
1.00, 0.70
1.00, 0.56
1.00, 0.64
1.00, 0.57
0.75, 0.75
0.70, 0.56
0.00, 0.52
1.00, 0.65
1.00, 0.54
0.30, 0.57
0.00, 0.52
0.44, 0.53
0.00, 0.51
0.60, 0.61
0.00, 0.54
0.67, 0.58
0.89, 0.54
0.80, 0.79
0.71, 0.56
1.00, 0.59
1.00, 0.54
0.90, 0.71
1.00, 0.60
1.00, 0.56
1.00, 0.56
0.11, 0.51
0.00, 0.51
1.00, 0.52
1.00, 0.56
0.70, 0.58
0.43, 0.51
1.00, 0.53
1.00, 0.68
1.00, 0.55
1.00, 0.64
1.00, 0.53
1.00, 0.58
0.38, 0.75
1.00, 0.57
0.00, 0.55
0.60, 0.54
0.00, 0.52
1.00, 0.61
0.12, 0.51
1.00, 0.53
1.00, 0.56
0.88, 0.62
0.71, 0.62
0.22, 0.53
1.00, 0.65
0.60, 0.55
0.00, 0.52
0.33, 0.52
0.80, 0.69
1.00, 0.55
1.00, 0.58
1.00, 0.66
1.00, 0.57
1.00, 0.60
0.25, 0.65
1.00, 0.64
0.56, 0.57
0.00, 0.55
0.38, 0.51
1.00, 0.63
1.00, 0.54
1.00, 0.60
1.00, 0.60
0.90, 0.54
1.00, 0.59
1.00, 0.53
1.00, 0.54
0.71, 0.54
0.00, 0.52
0.88, 0.62
1.00, 0.63
1.00, 0.58
0.90, 0.71
0.89, 0.58
1.00, 0.54
1.00, 0.58
1.00, 0.53
0.00, 0.54
0.25, 0.52
1.00, 0.61
1.00, 0.68
1.00, 0.63
0.00, 0.52
1.00, 0.57
0.71, 0.62
0.00, 0.51
0.86, 0.60
0.43, 0.52
0.50, 0.69
0.14, 0.53
0.89, 0.59
0.67, 0.60
0.71, 0.58
1.00, 0.58
0.89, 0.59
1.00, 0.52
0.43, 0.62
1.00, 0.65
1.00, 0.58
0.38, 0.57
1.00, 0.54
1.00, 0.71
0.70, 0.55
1.00, 0.52
1.00, 0.63
0.88, 0.59
1.00, 0.57
1.00, 0.68
1.00, 0.68
0.88, 0.61
0.88, 0.54
1.00, 0.54
1.00, 0.65
0.90, 0.57
0.00, 0.53
0.10, 0.52
0.90, 0.64
1.00, 0.51
1.00, 0.57
0.88, 0.55
1.00, 0.66
0.00, 0.55
0.90, 0.62
0.80, 0.53
1.00, 0.54
1.00, 0.59
0.00, 0.51
1.00, 0.64
0.80, 0.55
0.40, 0.58
1.00, 0.64
0.25, 0.69
0.00, 0.51
1.00, 0.58
1.00, 0.57
0.20, 0.54
1.00, 0.62
1.00, 0.53
0.00, 0.52
1.00, 0.54
0.00, 0.55
1.00, 0.53
0.12, 0.51
0.75, 0.57
0.88, 0.53
0.30, 0.53
1.00, 0.55
0.14, 0.53
0.80, 0.70
0.89, 0.70
0.00, 0.52
1.00, 0.56
1.00, 0.56
1.00, 0.55
1.00, 0.61
1.00, 0.56
0.50, 0.74
1.00, 0.64
1.00, 0.55
0.29, 0.68
1.00, 0.63
1.00, 0.55
0.80, 0.56
0.57, 0.52
1.00, 0.63
1.00, 0.59
0.57, 0.54
0.30, 0.63
0.00, 0.69
0.20, 0.52
0.43, 0.52
0.78, 0.53
0.43, 0.53
0.70, 0.76
0.90, 0.69
1.00, 0.69
1.00, 0.55
1.00, 0.57
0.86, 0.58
0.00, 0.56
1.00, 0.59
1.00, 0.58
1.00, 0.62
0.78, 0.58
1.00, 0.54
1.00, 0.59
0.86, 0.50
1.00, 0.60
1.00, 0.54
0.29, 0.61
0.75, 0.55
1.00, 0.60
1.00, 0.51
0.71, 0.53
0.57, 0.52
0.22, 0.50
1.00, 0.67
0.88, 0.52
0.88, 0.57
1.00, 0.57
1.00, 0.74
1.00, 0.54
0.38, 0.55
0.00, 0.52
0.00, 0.49
1.00, 0.61
0.70, 0.68
0.25, 0.68
1.00, 0.65
0.90, 0.70
1.00, 0.58
0.14, 0.54
0.14, 0.54
1.00, 0.55
1.00, 0.54
0.00, 0.54
1.00, 0.62
0.86, 0.59
0.70, 0.54
1.00, 0.54
0.00, 0.54
0.89, 0.60
0.00, 0.58
0.78, 0.61
0.62, 0.64
0.00, 0.52
1.00, 0.74
1.00, 0.62
0.22, 0.68
1.00, 0.56
0.00, 0.54
0.00, 0.52
1.00, 0.53
1.00, 0.55
0.33, 0.58
1.00, 0.56
1.00, 0.55
1.00, 0.53
1.00, 0.59
1.00, 0.74
0.89, 0.54
0.71, 0.66
1.00, 0.53
1.00, 0.53
1.00, 0.59
0.67, 0.55
1.00, 0.57
1.00, 0.68
0.00, 0.57
0.71, 0.53
0.89, 0.54
1.00, 0.55
0.50, 0.54
1.00, 0.70
0.10, 0.53
0.56, 0.50
1.00, 0.57
0.78, 0.63
1.00, 0.56
0.86, 0.57
0.12, 0.53
0.71, 0.54
1.00, 0.58
1.00, 0.56
0.86, 0.69
0.90, 0.82
0.22, 0.53
1.00, 0.61
0.29, 0.59
1.00, 0.53
1.00, 0.56
0.14, 0.58
1.00, 0.57
1.00, 0.58
1.00, 0.66
1.00, 0.62
0.29, 0.52
0.10, 0.52
0.00, 0.56
1.00, 0.73
1.00, 0.56
1.00, 0.61
0.00, 0.54
0.89, 0.55
0.75, 0.60
0.86, 0.54
0.30, 0.57
1.00, 0.60
0.00, 0.59
1.00, 0.54
0.90, 0.65
0.33, 0.56
0.00, 0.51
0.10, 0.56
0.75, 0.55
0.86, 0.59
1.00, 0.53
0.56, 0.64
1.00, 0.64
1.00, 0.63
1.00, 0.53
0.00, 0.55
0.11, 0.57
1.00, 0.68
1.00, 0.74
1.00, 0.50
1.00, 0.56
0.88, 0.67
0.60, 0.54
0.88, 0.62
1.00, 0.59
1.00, 0.58
0.75, 0.55
0.62, 0.50
1.00, 0.59
1.00, 0.57
0.12, 0.56
1.00, 0.65
1.00, 0.56
0.00, 0.53
0.62, 0.66
0.88, 0.59
1.00, 0.67
1.00, 0.58
1.00, 0.53
1.00, 0.55
1.00, 0.57
0.40, 0.64
0.00, 0.50
1.00, 0.51
1.00, 0.62
1.00, 0.53
0.86, 0.53
0.50, 0.67
1.00, 0.75
0.86, 0.57
1.00, 0.60
1.00, 0.56
0.62, 0.56
0.57, 0.56
1.00, 0.64
0.40, 0.62
0.89, 0.55
0.57, 0.54
0.00, 0.52
1.00, 0.73
0.10, 0.54
0.00, 0.54
0.50, 0.52
0.90, 0.54
0.86, 0.55
1.00, 0.56
0.00, 0.49
1.00, 0.68
1.00, 0.55
0.00, 0.52
1.00, 0.62
0.88, 0.61
0.29, 0.55
0.00, 0.53
0.56, 0.59
1.00, 0.56
1.00, 0.53
1.00, 0.56
0.89, 0.54
0.14, 0.51
0.33, 0.60
1.00, 0.58
1.00, 0.61
0.00, 0.53
0.88, 0.71
0.50, 0.69
0.90, 0.57
0.62, 0.66
0.86, 0.57
1.00, 0.54
1.00, 0.57
0.25, 0.58
1.00, 0.60
0.60, 0.59
0.00, 0.51
1.00, 0.55
0.00, 0.55
0.57, 0.58
1.00, 0.56
0.11, 0.51
0.67, 0.58
0.86, 0.60
1.00, 0.57
1.00, 0.54
1.00, 0.55
1.00, 0.54
0.80, 0.66
1.00, 0.67
1.00, 0.56
0.71, 0.61
1.00, 0.78
0.78, 0.60
1.00, 0.74
0.00, 0.53
0.80, 0.57
1.00, 0.64
0.50, 0.58
0.38, 0.54
1.00, 0.58
0.00, 0.52
1.00, 0.58
1.00, 0.70
0.56, 0.58
0.00, 0.56
0.00, 0.58
1.00, 0.65
0.71, 0.52
0.56, 0.54
1.00, 0.54
0.44, 0.56
0.00, 0.50
0.71, 0.56
1.00, 0.63
1.00, 0.53
1.00, 0.54
1.00, 0.53
1.00, 0.63
1.00, 0.61
1.00, 0.60
1.00, 0.58
1.00, 0.66
1.00, 0.54
1.00, 0.53
1.00, 0.68
0.00, 0.54
1.00, 0.54
0.11, 0.52
1.00, 0.58
1.00, 0.55
1.00, 0.63
1.00, 0.52
1.00, 0.57
0.90, 0.59
1.00, 0.54
1.00, 0.64
0.88, 0.61
0.25, 0.54
1.00, 0.57
0.78, 0.57
1.00, 0.65
1.00, 0.56
1.00, 0.66
1.00, 0.57
1.00, 0.65
0.00, 0.52
1.00, 0.54
0.60, 0.56
1.00, 0.59
1.00, 0.52
0.57, 0.58
0.88, 0.55
1.00, 0.55
1.00, 0.56
1.00, 0.79
0.43, 0.51
0.00, 0.57
1.00, 0.63
1.00, 0.56
0.86, 0.55
1.00, 0.53
1.00, 0.57
1.00, 0.66
0.00, 0.61
1.00, 0.54
0.25, 0.55
1.00, 0.65
0.71, 0.57
0.44, 0.55
0.12, 0.59
0.25, 0.53
0.57, 0.62
0.00, 0.59
1.00, 0.57
1.00, 0.61
1.00, 0.52
1.00, 0.69
1.00, 0.57
0.78, 0.54
0.86, 0.56
0.86, 0.62
0.86, 0.55
1.00, 0.60
0.75, 0.53
0.43, 0.52
0.78, 0.61
0.71, 0.55
1.00, 0.63
1.00, 0.60
1.00, 0.56
0.78, 0.54
1.00, 0.52
1.00, 0.62
0.50, 0.56
1.00, 0.68
1.00, 0.64
1.00, 0.60
1.00, 0.59
1.00, 0.61
1.00, 0.51
1.00, 0.72
0.70, 0.55
0.90, 0.60
1.00, 0.57
0.20, 0.58
1.00, 0.73
1.00, 0.57
1.00, 0.53
1.00, 0.54
0.86, 0.53
0.00, 0.52
1.00, 0.52
1.00, 0.60
1.00, 0.57
0.38, 0.53
1.00, 0.59
0.57, 0.52
0.00, 0.54
0.62, 0.51
0.00, 0.51
0.80, 0.63
0.00, 0.54
0.90, 0.61
0.14, 0.54
0.00, 0.52
1.00, 0.54
1.00, 0.59
1.00, 0.57
1.00, 0.52
0.00, 0.59
1.00, 0.58
1.00, 0.63
1.00, 0.67
0.56, 0.70
1.00, 0.58
1.00, 0.56
1.00, 0.54
1.00, 0.55
1.00, 0.57
1.00, 0.62
0.29, 0.54
0.80, 0.64
0.29, 0.56
0.89, 0.70
1.00, 0.59
0.70, 0.53
0.78, 0.53
0.00, 0.52
1.00, 0.64
0.90, 0.69
1.00, 0.52
0.00, 0.57
1.00, 0.77
0.12, 0.51
1.00, 0.59
0.44, 0.56
1.00, 0.52
1.00, 0.55
1.00, 0.55
1.00, 0.64
0.00, 0.52
1.00, 0.66
1.00, 0.52
0.43, 0.53
0.38, 0.56
1.00, 0.71
1.00, 0.58
1.00, 0.67
0.70, 0.59
1.00, 0.55
0.88, 0.54
1.00, 0.68
0.90, 0.53
0.00, 0.64
1.00, 0.58
1.00, 0.57
0.71, 0.53
0.00, 0.68
1.00, 0.64
1.00, 0.52
1.00, 0.68
1.00, 0.66
0.90, 0.55
0.62, 0.59
0.60, 0.58
0.25, 0.58
1.00, 0.66
0.20, 0.52
0.00, 0.60
1.00, 0.52
0.14, 0.56
0.75, 0.56
0.71, 0.54
1.00, 0.55
1.00, 0.61
1.00, 0.61
1.00, 0.57
1.00, 0.69
0.00, 0.54
0.75, 0.56
1.00, 0.66
0.00, 0.52
1.00, 0.62
0.70, 0.54
0.00, 0.55
0.25, 0.52
0.38, 0.55
0.89, 0.63
0.00, 0.52
0.80, 0.56
0.62, 0.60
0.62, 0.55
0.86, 0.57
0.75, 0.60
0.10, 0.59
0.86, 0.59
1.00, 0.54
0.00, 0.52
0.40, 0.56
0.86, 0.56
0.78, 0.53
1.00, 0.59
1.00, 0.66
0.75, 0.70
0.14, 0.50
0.89, 0.69
0.57, 0.54
0.38, 0.54
1.00, 0.74
0.00, 0.54
0.67, 0.58
1.00, 0.58
1.00, 0.65
1.00, 0.57
1.00, 0.59
0.00, 0.54
0.00, 0.50
1.00, 0.52
0.71, 0.54
1.00, 0.55
1.00, 0.60
0.00, 0.54
0.71, 0.62
0.71, 0.54
0.78, 0.55
1.00, 0.54
1.00, 0.61
1.00, 0.59
1.00, 0.55
1.00, 0.61
1.00, 0.55
0.00, 0.53
1.00, 0.60
1.00, 0.76
1.00, 0.58
1.00, 0.69
0.00, 0.52
1.00, 0.58
1.00, 0.56
1.00, 0.56
1.00, 0.54
1.00, 0.60
0.88, 0.64
0.00, 0.55
1.00, 0.64
1.00, 0.65
1.00, 0.58
0.00, 0.53
0.00, 0.55
0.50, 0.54
0.89, 0.73
0.00, 0.53
1.00, 0.54
0.00, 0.57
1.00, 0.54
0.78, 0.53
1.00, 0.56
0.90, 0.64
1.00, 0.63
0.78, 0.59
0.75, 0.68
1.00, 0.55
0.88, 0.70
1.00, 0.54
0.14, 0.53
1.00, 0.59
0.89, 0.56
0.14, 0.59
1.00, 0.57
0.70, 0.54
0.00, 0.53
0.00, 0.52
0.71, 0.57
1.00, 0.71
0.71, 0.52
1.00, 0.61
1.00, 0.56
0.00, 0.55
1.00, 0.53
1.00, 0.72
1.00, 0.54
0.86, 0.60
0.00, 0.52
0.12, 0.51
1.00, 0.66
1.00, 0.55
0.88, 0.56
1.00, 0.63
1.00, 0.65
0.29, 0.51
1.00, 0.62
0.89, 0.59
1.00, 0.56
0.38, 0.58
0.86, 0.51
0.75, 0.66
1.00, 0.56
0.00, 0.55
1.00, 0.57
1.00, 0.62
1.00, 0.65
0.00, 0.56
0.71, 0.52
1.00, 0.66
1.00, 0.63
1.00, 0.57
0.90, 0.56
1.00, 0.55
0.89, 0.71
0.40, 0.56
0.70, 0.70
1.00, 0.56
1.00, 0.68
1.00, 0.56
0.14, 0.51
0.00, 0.50
1.00, 0.58
1.00, 0.53
0.75, 0.61
1.00, 0.54
1.00, 0.66
0.90, 0.67
0.60, 0.54
0.89, 0.58
1.00, 0.53
1.00, 0.71
0.43, 0.58
1.00, 0.59
0.60, 0.62
0.67, 0.73
0.00, 0.56
1.00, 0.62
1.00, 0.53
1.00, 0.55
0.00, 0.54
1.00, 0.57
1.00, 0.53
0.56, 0.56
1.00, 0.56
1.00, 0.61
1.00, 0.64
1.00, 0.51
1.00, 0.54
0.90, 0.57
0.89, 0.57
1.00, 0.57
1.00, 0.60
1.00, 0.73
0.00, 0.55
0.00, 0.53
1.00, 0.54
0.00, 0.57
1.00, 0.54
0.90, 0.77
1.00, 0.54
1.00, 0.55
0.00, 0.55
1.00, 0.61
0.89, 0.64
1.00, 0.56
0.71, 0.53
1.00, 0.65
1.00, 0.62
1.00, 0.64
1.00, 0.52
0.75, 0.61
0.80, 0.71
0.56, 0.53
1.00, 0.53
1.00, 0.54
0.00, 0.50
0.44, 0.58
0.00, 0.53
0.14, 0.52
1.00, 0.57
0.10, 0.52
0.86, 0.53
0.88, 0.54
0.86, 0.55
0.00, 0.55
1.00, 0.59
0.88, 0.66
0.00, 0.51
0.88, 0.51
0.50, 0.62
1.00, 0.55
0.89, 0.62
0.00, 0.59
1.00, 0.86
1.00, 0.55
1.00, 0.70
1.00, 0.56
0.10, 0.50
0.86, 0.55
1.00, 0.58
1.00, 0.56
0.12, 0.52
0.00, 0.52
1.00, 0.54
0.75, 0.55
1.00, 0.65
0.56, 0.53
1.00, 0.57
0.88, 0.56
0.14, 0.54
1.00, 0.57
0.67, 0.71
0.00, 0.54
1.00, 0.60
0.00, 0.55
0.88, 0.63
0.89, 0.51
0.75, 0.53
0.62, 0.52
1.00, 0.64
0.70, 0.54
1.00, 0.64
0.14, 0.54
0.00, 0.58
0.00, 0.48
1.00, 0.57
0.88, 0.61
0.78, 0.72
1.00, 0.69
0.10, 0.55
1.00, 0.56
0.00, 0.51
0.70, 0.69
0.40, 0.53
0.80, 0.58
0.00, 0.56
1.00, 0.56
0.00, 0.55
0.00, 0.51
0.78, 0.70
0.40, 0.61
0.88, 0.52
1.00, 0.51
1.00, 0.58
0.00, 0.52
1.00, 0.67
0.00, 0.57
0.00, 0.52
1.00, 0.67
1.00, 0.59
1.00, 0.56
1.00, 0.62
0.14, 0.52
0.14, 0.55
1.00, 0.57
0.88, 0.57
0.38, 0.54
0.00, 0.53
0.80, 0.64
0.90, 0.66
0.11, 0.52
1.00, 0.68
0.86, 0.55
0.00, 0.52
1.00, 0.53
1.00, 0.53
0.89, 0.74
0.90, 0.53
0.75, 0.54
1.00, 0.69
1.00, 0.59
0.62, 0.53
0.25, 0.53
0.50, 0.56
0.00, 0.54
0.00, 0.53
0.86, 0.64
1.00, 0.63
0.70, 0.61
1.00, 0.60
0.00, 0.56
0.00, 0.57
1.00, 0.63
0.71, 0.52
1.00, 0.54
1.00, 0.66
0.00, 0.53
1.00, 0.55
1.00, 0.53
1.00, 0.65
1.00, 0.67
0.50, 0.56
0.50, 0.74
0.12, 0.55
0.43, 0.57
1.00, 0.69
0.33, 0.51
0.33, 0.55
0.71, 0.63
0.00, 0.56
0.20, 0.51
1.00, 0.52
0.88, 0.57
1.00, 0.67
0.00, 0.51
0.50, 0.55
0.14, 0.51
0.29, 0.54
1.00, 0.59
1.00, 0.52
0.88, 0.59
0.14, 0.57
0.57, 0.52
1.00, 0.67
1.00, 0.63
1.00, 0.60
0.00, 0.56
1.00, 0.56
1.00, 0.79
0.86, 0.55
1.00, 0.59
0.29, 0.54
0.89, 0.55
1.00, 0.54
0.88, 0.57
0.33, 0.51
1.00, 0.59
0.78, 0.67
0.86, 0.50
0.88, 0.57
1.00, 0.59
1.00, 0.59
1.00, 0.82
0.25, 0.53
0.71, 0.55
1.00, 0.61
0.12, 0.54
1.00, 0.53
0.71, 0.54
0.88, 0.55
0.00, 0.52
1.00, 0.58
1.00, 0.57
1.00, 0.56
1.00, 0.69
1.00, 0.58
0.80, 0.52
1.00, 0.61
1.00, 0.70
0.25, 0.55
1.00, 0.57
0.75, 0.56
0.00, 0.53
1.00, 0.60
1.00, 0.55
1.00, 0.66
0.89, 0.61
0.89, 0.74
1.00, 0.61
0.86, 0.54
1.00, 0.52
0.86, 0.58
1.00, 0.62
0.70, 0.52
0.86, 0.54
0.00, 0.55
1.00, 0.67
0.43, 0.52
1.00, 0.53
1.00, 0.54
0.00, 0.51
0.67, 0.70
1.00, 0.62
1.00, 0.63
0.71, 0.54
0.30, 0.51
0.00, 0.55
1.00, 0.61
0.57, 0.53
1.00, 0.52
1.00, 0.70
1.00, 0.53
0.75, 0.56
1.00, 0.56
1.00, 0.58
0.67, 0.52
0.86, 0.57
0.88, 0.59
0.50, 0.54
1.00, 0.67
0.44, 0.56
1.00, 0.65
1.00, 0.71
0.14, 0.51
0.71, 0.52
1.00, 0.67
0.00, 0.55
0.88, 0.54
0.33, 0.57
0.00, 0.51
1.00, 0.50
1.00, 0.61
0.90, 0.61
0.71, 0.55
0.00, 0.53
0.44, 0.56
0.80, 0.57
1.00, 0.71
0.70, 0.59
0.57, 0.54
0.75, 0.60
0.60, 0.60
1.00, 0.65
1.00, 0.65
0.89, 0.59
0.10, 0.56
0.29, 0.52
1.00, 0.51
1.00, 0.59
0.88, 0.71
0.14, 0.50
0.43, 0.51
1.00, 0.67
0.25, 0.52
0.00, 0.58
0.86, 0.58
0.12, 0.51
1.00, 0.69
1.00, 0.59
0.71, 0.56
1.00, 0.56
1.00, 0.66
0.88, 0.57
0.00, 0.51
0.90, 0.62
1.00, 0.51
1.00, 0.60
1.00, 0.65
1.00, 0.51
0.86, 0.60
0.00, 0.51
1.00, 0.60
0.00, 0.51
0.90, 0.89
0.25, 0.56
1.00, 0.59
0.60, 0.53
0.89, 0.72
0.00, 0.51
1.00, 0.60
0.89, 0.72
1.00, 0.54
0.70, 0.55
1.00, 0.54
0.00, 0.50
0.38, 0.53
0.71, 0.52
1.00, 0.64
1.00, 0.63
1.00, 0.60
0.00, 0.56
1.00, 0.60
1.00, 0.54
1.00, 0.55
0.00, 0.54
0.90, 0.61
1.00, 0.55
0.00, 0.57
1.00, 0.56
1.00, 0.53
1.00, 0.53
1.00, 0.59
0.78, 0.71
0.44, 0.57
1.00, 0.58
1.00, 0.66
0.00, 0.54
0.86, 0.60
0.25, 0.51
0.88, 0.57
0.86, 0.52
1.00, 0.76
0.86, 0.61
1.00, 0.57
0.57, 0.51
1.00, 0.57
1.00, 0.55
0.90, 0.51
1.00, 0.72
1.00, 0.58
1.00, 0.61
0.86, 0.56
1.00, 0.60
0.90, 0.52
0.00, 0.52
0.57, 0.55
0.00, 0.52
1.00, 0.76
1.00, 0.57
0.71, 0.55
0.00, 0.55
1.00, 0.55
0.38, 0.57
1.00, 0.62
0.50, 0.59
0.71, 0.55
0.00, 0.53
0.00, 0.54
1.00, 0.59
1.00, 0.64
0.86, 0.60
0.80, 0.60
1.00, 0.62
0.75, 0.55
1.00, 0.67
0.00, 0.52
0.38, 0.59
1.00, 0.55
1.00, 0.53
0.43, 0.56
1.00, 0.77
0.86, 0.51
1.00, 0.59
0.33, 0.56
0.71, 0.56
0.00, 0.64
0.89, 0.67
1.00, 0.60
0.71, 0.55
1.00, 0.57
0.86, 0.52
1.00, 0.55
1.00, 0.55
1.00, 0.57
0.88, 0.63
0.40, 0.56
0.12, 0.57
1.00, 0.53
1.00, 0.75
1.00, 0.52
0.71, 0.53
1.00, 0.56
1.00, 0.67
0.90, 0.66
0.75, 0.53
0.89, 0.60
0.29, 0.54
1.00, 0.61
1.00, 0.54
0.00, 0.58
1.00, 0.55
0.86, 0.52
1.00, 0.53
1.00, 0.69
1.00, 0.57
1.00, 0.62
1.00, 0.57
0.86, 0.57
0.57, 0.51
1.00, 0.60
0.80, 0.70
0.75, 0.62
1.00, 0.57
0.86, 0.55
0.00, 0.52
0.00, 0.51
1.00, 0.58
0.00, 0.51
1.00, 0.58
0.90, 0.75
1.00, 0.59
1.00, 0.57
0.70, 0.60
0.00, 0.50
0.60, 0.81
0.71, 0.52
0.00, 0.53
0.00, 0.52
0.50, 0.54
0.75, 0.53
1.00, 0.63
1.00, 0.52
0.86, 0.54
1.00, 0.52
0.40, 0.51
1.00, 0.73
0.80, 0.65
0.14, 0.52
1.00, 0.61
1.00, 0.62
0.88, 0.58
1.00, 0.56
1.00, 0.61
1.00, 0.55
1.00, 0.67
0.00, 0.49
1.00, 0.67
1.00, 0.62
1.00, 0.55
0.00, 0.50
1.00, 0.65
1.00, 0.60
0.71, 0.55
1.00, 0.65
0.20, 0.53
0.00, 0.51
1.00, 0.53
0.89, 0.64
0.43, 0.54
1.00, 0.64
0.43, 0.59
0.56, 0.55
1.00, 0.56
0.89, 0.55
0.00, 0.52
0.86, 0.59
0.71, 0.56
0.00, 0.56
1.00, 0.69
0.14, 0.52
1.00, 0.60
0.57, 0.52
0.60, 0.55
0.00, 0.53
1.00, 0.68
1.00, 0.55
0.86, 0.65
0.70, 0.63
0.71, 0.55
0.29, 0.54
1.00, 0.61
0.50, 0.54
1.00, 0.56
0.00, 0.53
0.00, 0.52
1.00, 0.57
1.00, 0.64
1.00, 0.62
0.88, 0.58
1.00, 0.56
0.70, 0.62
0.78, 0.53
1.00, 0.56
0.00, 0.51
0.71, 0.54
1.00, 0.61
1.00, 0.64
0.50, 0.54
1.00, 0.59
1.00, 0.55
0.88, 0.60
1.00, 0.60
0.89, 0.67
0.86, 0.57
1.00, 0.66
0.90, 0.53
0.25, 0.53
1.00, 0.64
1.00, 0.59
1.00, 0.55
1.00, 0.57
1.00, 0.72
1.00, 0.73
0.00, 0.54
1.00, 0.60
1.00, 0.56
0.00, 0.52
1.00, 0.67
0.30, 0.52
0.00, 0.50
1.00, 0.58
0.78, 0.56
0.90, 0.65
1.00, 0.63
1.00, 0.64
0.88, 0.56
0.14, 0.57
1.00, 0.61
0.14, 0.59
0.57, 0.58
1.00, 0.52
1.00, 0.65
0.00, 0.52
1.00, 0.53
0.00, 0.51
0.44, 0.52
0.00, 0.49
1.00, 0.53
0.00, 0.54
0.00, 0.51
0.78, 0.65
1.00, 0.66
0.75, 0.67
1.00, 0.60
0.90, 0.55
1.00, 0.54
0.43, 0.73
1.00, 0.58
0.86, 0.55
0.88, 0.71
1.00, 0.60
0.71, 0.55
1.00, 0.56
0.90, 0.55
1.00, 0.55
1.00, 0.61
0.86, 0.55
0.43, 0.52
1.00, 0.72
1.00, 0.58
0.30, 0.60
0.00, 0.50
0.67, 0.55
0.00, 0.54
0.20, 0.60
0.86, 0.67
1.00, 0.55
0.00, 0.49
0.88, 0.64
0.00, 0.57
