Score, Predict
0.80, 28.10
0.43, 30.80
1.00, 30.72
0.00, 31.35
1.00, 27.65
0.00, 17.99
0.00, 4.66
0.86, 32.57
0.30, 27.17
1.00, 30.91
1.00, 29.75
0.50, 24.06
0.71, 4.42
0.86, 6.14
0.25, 13.07
1.00, 32.08
0.00, 5.65
1.00, 30.00
1.00, 26.66
0.86, 28.38
0.62, 24.35
0.60, 26.70
0.90, 28.88
0.00, 26.29
0.57, 26.04
0.86, 31.32
1.00, 28.89
0.86, 30.13
0.89, 30.01
0.00, 2.66
1.00, 32.75
1.00, 33.23
0.71, 32.27
1.00, 29.66
0.40, 9.07
0.62, 31.30
1.00, 30.35
0.00, 7.46
1.00, 28.48
0.33, 28.38
1.00, 30.38
0.75, 24.73
0.88, 21.27
0.62, 26.16
0.90, 26.19
0.89, 34.43
1.00, 31.60
0.10, 22.18
0.00, 27.33
1.00, 32.13
1.00, 28.43
1.00, 35.87
0.80, 25.60
0.12, 1.82
1.00, 31.24
0.88, 30.07
1.00, 32.39
1.00, 22.64
0.90, 28.14
1.00, 28.90
0.57, 2.38
1.00, 27.43
0.88, 27.36
0.00, 3.14
1.00, 29.56
0.00, 1.63
1.00, 33.80
1.00, 32.12
0.78, 24.42
1.00, 5.74
0.80, 24.50
1.00, 32.14
0.29, 27.63
1.00, 24.44
1.00, 28.59
0.00, 19.65
1.00, 27.38
1.00, 28.43
0.10, 19.38
0.90, 26.81
1.00, 23.20
1.00, 29.32
0.38, 18.44
0.14, 2.38
1.00, 30.37
0.90, 29.77
1.00, 28.25
0.22, 23.70
1.00, 30.00
0.86, 21.90
1.00, 30.09
1.00, 30.29
1.00, 28.75
1.00, 24.88
1.00, 31.94
0.00, 8.10
1.00, 28.01
1.00, 24.02
0.00, 28.00
0.86, 31.71
0.89, 29.76
1.00, 30.01
0.12, 22.90
1.00, 28.90
0.67, 24.05
0.67, 27.83
0.89, 25.04
0.50, 8.48
0.12, 6.03
1.00, 29.20
0.56, 20.05
1.00, 22.00
1.00, 29.87
1.00, 27.89
1.00, 29.88
1.00, 33.59
1.00, 31.91
1.00, 27.90
1.00, 31.71
0.86, 31.28
0.14, 21.53
0.86, 29.27
0.12, 7.29
0.00, 4.40
0.00, 3.14
0.00, 4.58
1.00, 29.36
1.00, 32.82
0.88, 27.75
0.29, 31.84
1.00, 30.12
0.00, 5.28
1.00, 31.67
1.00, 30.17
1.00, 32.61
0.00, 19.51
0.25, 26.07
0.00, 23.72
1.00, 28.71
0.80, 25.72
0.29, 11.95
1.00, 22.39
1.00, 33.41
1.00, 28.69
0.00, 1.47
0.29, 14.75
0.62, 4.81
1.00, 26.10
1.00, 30.33
1.00, 28.30
1.00, 25.94
1.00, 30.01
0.44, 27.35
0.78, 31.64
0.80, 7.63
1.00, 25.72
0.88, 31.99
0.00, 18.25
1.00, 29.16
1.00, 25.16
0.00, 5.60
1.00, 29.46
1.00, 27.93
0.60, 23.77
1.00, 26.32
0.00, 24.58
1.00, 28.32
0.71, 11.24
1.00, 29.59
0.00, 2.41
1.00, 31.77
1.00, 25.83
0.00, 27.69
1.00, 34.65
0.70, 24.32
1.00, 14.21
1.00, 30.72
1.00, 32.66
0.60, 14.95
0.86, 29.72
1.00, 29.28
1.00, 29.60
1.00, 31.75
1.00, 22.81
0.90, 19.08
0.43, 6.24
0.80, 26.49
1.00, 30.07
1.00, 29.25
1.00, 25.65
0.86, 32.43
1.00, 27.93
1.00, 29.80
1.00, 30.64
0.50, 31.26
1.00, 32.42
0.88, 29.99
1.00, 22.47
1.00, 29.77
1.00, 28.14
0.44, 26.16
1.00, 25.40
0.88, 28.82
0.71, 34.01
1.00, 23.85
0.40, 23.58
1.00, 31.79
0.00, 3.62
1.00, 22.42
0.88, 30.28
0.00, 2.80
0.00, 3.22
1.00, 27.93
0.90, 26.44
0.75, 30.55
1.00, 29.62
1.00, 33.22
0.00, 24.94
0.90, 23.52
1.00, 25.60
0.22, 6.00
1.00, 27.70
1.00, 31.97
0.25, 28.46
1.00, 27.52
0.50, 5.98
0.86, 29.48
1.00, 31.27
0.88, 26.84
0.14, 6.93
1.00, 27.74
0.75, 29.37
0.00, 13.13
1.00, 28.75
1.00, 33.71
1.00, 30.75
1.00, 28.68
0.88, 25.17
0.00, 21.85
1.00, 26.12
1.00, 27.99
0.86, 31.26
1.00, 23.83
1.00, 30.54
1.00, 29.00
0.56, 22.09
0.86, 29.48
1.00, 26.88
1.00, 7.84
0.43, 4.02
0.75, 10.61
0.67, 29.50
0.90, 22.50
1.00, 27.73
1.00, 32.29
1.00, 29.21
1.00, 28.40
0.20, 4.61
0.86, 27.87
0.25, 4.25
0.00, 4.35
1.00, 28.27
0.86, 23.22
1.00, 28.83
0.89, 13.15
0.86, 31.28
1.00, 31.24
1.00, 31.20
1.00, 28.46
1.00, 28.44
1.00, 31.01
1.00, 26.90
0.86, 30.60
1.00, 27.59
0.43, 28.86
0.00, 7.56
0.30, 6.87
0.00, 7.24
0.90, 29.88
1.00, 30.97
0.75, 27.13
1.00, 28.49
0.60, 23.75
1.00, 32.89
1.00, 29.64
1.00, 10.95
0.44, 29.26
1.00, 26.28
1.00, 28.64
1.00, 31.02
0.22, 4.49
1.00, 28.86
0.11, 30.38
0.12, 25.59
1.00, 35.48
0.00, 2.56
1.00, 29.57
1.00, 28.63
0.70, 31.83
1.00, 21.63
1.00, 30.75
0.00, 4.06
1.00, 29.24
1.00, 31.08
0.86, 23.70
1.00, 33.21
1.00, 25.68
0.70, 6.94
1.00, 29.33
0.88, 29.37
0.00, 6.52
1.00, 29.17
1.00, 28.63
0.86, 4.19
0.50, 27.46
1.00, 33.07
1.00, 33.51
0.88, 28.38
0.88, 31.64
1.00, 32.73
1.00, 30.33
1.00, 32.05
1.00, 30.96
1.00, 27.29
1.00, 34.26
0.90, 27.87
1.00, 31.70
0.00, 6.30
0.60, 24.95
1.00, 34.62
1.00, 23.69
0.00, 2.82
0.67, 2.88
0.12, 4.45
0.86, 32.16
0.90, 25.76
0.00, 22.01
0.38, 3.28
0.50, 28.55
0.86, 30.32
1.00, 29.93
0.10, 22.04
1.00, 27.02
1.00, 23.74
1.00, 29.15
1.00, 28.26
0.89, 24.13
1.00, 25.76
0.86, 31.51
0.00, 21.28
1.00, 31.02
0.57, 24.49
0.38, 10.57
1.00, 31.38
0.88, 26.46
0.88, 28.13
1.00, 31.28
1.00, 29.84
1.00, 31.03
1.00, 29.15
0.78, 30.61
0.86, 23.76
0.71, 27.51
1.00, 34.90
0.20, 28.17
1.00, 27.89
1.00, 27.04
1.00, 13.44
1.00, 28.36
1.00, 31.97
0.89, 27.39
1.00, 23.95
1.00, 32.38
0.00, 3.29
0.90, 25.81
1.00, 30.97
1.00, 30.86
0.88, 28.27
0.43, 25.54
1.00, 24.38
0.62, 3.71
1.00, 2.69
0.22, 25.47
1.00, 28.99
1.00, 29.03
0.00, 3.36
0.22, 23.00
1.00, 25.29
1.00, 31.95
0.56, 25.77
0.50, 21.60
0.90, 29.36
0.86, 27.34
1.00, 33.62
0.00, 24.33
1.00, 30.25
1.00, 20.34
0.00, 2.91
0.86, 28.88
1.00, 23.41
1.00, 27.49
1.00, 24.69
1.00, 33.73
0.90, 29.75
0.88, 24.51
1.00, 27.21
1.00, 23.28
1.00, 29.04
1.00, 20.50
1.00, 28.97
1.00, 26.58
0.90, 30.12
1.00, 29.12
1.00, 26.31
0.78, 19.83
1.00, 30.63
1.00, 29.48
1.00, 29.98
0.00, 4.42
0.80, 20.40
0.00, 4.33
0.29, 12.69
0.12, 24.95
0.80, 26.65
0.25, 9.45
1.00, 28.94
1.00, 33.26
0.00, 3.27
1.00, 32.02
1.00, 30.27
0.11, 4.88
1.00, 32.68
0.40, 25.25
1.00, 30.24
0.43, 27.84
1.00, 30.93
1.00, 30.07
1.00, 31.36
1.00, 27.46
1.00, 21.95
1.00, 30.61
0.86, 32.17
1.00, 31.43
0.86, 28.25
0.20, 21.42
0.33, 23.10
0.67, 28.06
1.00, 31.00
1.00, 27.88
1.00, 30.94
1.00, 31.27
1.00, 29.03
0.00, 5.74
0.00, 28.69
0.12, 5.75
1.00, 28.21
1.00, 31.93
1.00, 28.95
1.00, 33.10
0.86, 34.93
0.43, 26.16
0.43, 28.49
0.30, 21.60
1.00, 34.53
1.00, 29.33
1.00, 30.96
0.00, 5.39
0.75, 24.50
1.00, 31.55
0.88, 28.88
1.00, 30.77
1.00, 23.45
0.00, 4.82
0.14, 4.97
1.00, 34.48
0.22, 8.87
1.00, 32.50
0.20, 3.29
1.00, 32.48
1.00, 24.90
0.00, 21.28
1.00, 31.94
1.00, 27.39
1.00, 33.05
1.00, 31.42
0.86, 29.12
0.78, 26.25
0.50, 25.57
0.10, 21.81
1.00, 31.18
1.00, 25.73
0.00, 1.57
1.00, 26.01
0.12, 25.27
0.50, 27.63
0.33, 24.27
1.00, 29.45
0.88, 32.47
1.00, 21.04
1.00, 31.09
0.00, 23.90
1.00, 28.93
1.00, 25.50
1.00, 28.81
1.00, 27.33
0.14, 2.47
1.00, 35.79
1.00, 6.61
0.89, 25.62
0.89, 28.31
1.00, 20.79
0.90, 26.24
0.00, 3.84
1.00, 30.84
0.00, 11.38
0.25, 6.77
1.00, 28.61
1.00, 32.25
1.00, 9.19
0.67, 30.27
0.86, 33.73
1.00, 4.52
1.00, 28.57
0.56, 31.69
0.80, 23.71
0.00, 6.63
1.00, 33.42
1.00, 31.95
0.78, 8.33
1.00, 34.20
0.70, 14.54
0.89, 30.77
1.00, 28.84
1.00, 33.79
1.00, 29.81
0.57, 28.28
0.90, 23.91
0.86, 33.53
1.00, 26.91
0.67, 23.80
0.50, 3.92
1.00, 29.24
0.56, 27.57
1.00, 31.38
1.00, 34.40
1.00, 26.74
1.00, 17.37
1.00, 26.55
0.78, 23.09
1.00, 27.44
0.00, 29.47
1.00, 30.30
1.00, 25.24
0.29, 24.46
1.00, 26.67
0.89, 29.64
1.00, 30.05
1.00, 26.15
0.14, 17.45
1.00, 31.88
0.00, 3.81
0.00, 23.14
1.00, 27.88
1.00, 28.02
1.00, 27.31
0.11, 9.01
1.00, 10.26
0.80, 23.24
0.88, 26.25
1.00, 27.21
1.00, 22.89
0.22, 13.96
0.60, 28.30
0.00, 3.43
1.00, 29.78
1.00, 33.09
1.00, 31.07
1.00, 27.81
1.00, 28.35
1.00, 26.49
0.78, 30.34
1.00, 26.82
1.00, 26.93
0.00, 3.98
1.00, 21.79
1.00, 29.94
1.00, 29.79
1.00, 33.16
1.00, 18.50
0.11, 3.18
1.00, 29.07
1.00, 31.02
0.50, 32.29
1.00, 26.62
1.00, 33.88
0.00, 23.11
1.00, 28.28
0.88, 28.09
0.00, 1.68
1.00, 26.00
0.62, 17.21
1.00, 27.05
0.00, 9.28
1.00, 27.82
1.00, 28.79
0.75, 6.80
0.56, 24.97
1.00, 27.08
0.56, 27.10
0.00, 5.48
1.00, 28.08
0.50, 9.05
1.00, 32.90
0.57, 28.24
0.89, 25.84
0.00, 13.00
1.00, 32.79
0.22, 28.90
0.50, 6.27
0.62, 6.88
1.00, 28.91
1.00, 29.21
0.67, 31.59
1.00, 28.39
0.38, 6.63
0.71, 8.70
0.88, 30.17
1.00, 34.96
0.20, 30.13
1.00, 30.49
1.00, 30.83
0.86, 31.53
1.00, 31.08
0.00, 4.65
0.75, 18.39
0.78, 29.96
0.70, 25.80
0.00, 29.19
1.00, 30.25
0.00, 4.80
1.00, 27.41
0.89, 27.11
1.00, 32.54
1.00, 33.49
1.00, 27.65
0.62, 29.93
0.62, 20.86
1.00, 31.45
1.00, 31.20
0.86, 26.64
0.88, 34.13
0.43, 8.79
0.44, 6.08
0.10, 22.65
0.11, 6.87
0.00, 4.20
1.00, 29.52
0.86, 32.15
0.71, 27.81
0.10, 4.34
0.00, 9.17
0.86, 32.24
0.62, 31.48
0.14, 4.75
0.90, 28.62
0.86, 28.21
1.00, 32.78
0.88, 31.72
1.00, 31.98
0.22, 25.54
0.00, 5.89
1.00, 26.36
1.00, 25.66
1.00, 28.79
0.00, 3.34
1.00, 28.53
1.00, 30.64
0.90, 27.49
1.00, 21.27
0.80, 22.91
0.70, 25.39
1.00, 25.01
0.00, 1.52
0.29, 26.28
0.14, 30.19
1.00, 30.37
1.00, 25.45
1.00, 29.51
1.00, 31.30
1.00, 26.13
0.38, 28.46
1.00, 29.77
0.90, 27.85
0.88, 23.66
1.00, 28.79
0.86, 4.04
0.40, 26.24
0.86, 30.98
1.00, 30.99
0.78, 26.20
0.86, 30.62
1.00, 28.07
0.88, 31.34
1.00, 30.64
0.78, 19.77
0.00, 4.85
1.00, 34.04
0.86, 29.66
0.57, 3.98
1.00, 31.25
1.00, 26.34
0.80, 30.19
1.00, 24.69
1.00, 26.61
1.00, 30.78
1.00, 33.33
0.38, 25.76
1.00, 20.06
0.00, 34.11
1.00, 31.29
0.00, 3.34
1.00, 31.10
0.89, 28.49
0.00, 25.04
1.00, 26.90
1.00, 27.44
1.00, 31.93
1.00, 30.74
0.00, 29.34
0.00, 29.26
1.00, 30.67
1.00, 25.33
0.00, 4.11
1.00, 27.70
1.00, 23.23
1.00, 27.83
1.00, 32.99
0.62, 22.20
0.86, 33.48
1.00, 29.01
1.00, 32.89
1.00, 27.88
1.00, 29.02
0.20, 11.58
1.00, 34.08
1.00, 30.33
1.00, 30.32
0.10, 3.86
0.00, 24.94
1.00, 28.92
1.00, 29.80
0.71, 30.48
0.90, 24.82
0.00, 2.53
1.00, 28.81
0.86, 9.76
0.00, 4.95
1.00, 33.09
0.00, 5.34
1.00, 26.49
0.20, 25.70
0.00, 9.87
0.88, 26.12
0.90, 30.79
1.00, 30.64
1.00, 30.05
0.71, 24.81
0.14, 7.57
1.00, 32.78
0.00, 27.24
1.00, 25.67
1.00, 29.03
0.78, 29.34
1.00, 28.58
0.86, 24.12
0.00, 2.18
1.00, 30.29
0.29, 24.07
1.00, 32.88
0.50, 24.53
1.00, 32.99
0.14, 24.76
1.00, 29.86
1.00, 31.78
1.00, 31.61
0.80, 23.42
0.86, 29.00
0.10, 22.06
1.00, 24.31
0.30, 5.15
1.00, 26.25
0.88, 32.53
1.00, 29.37
0.88, 5.94
1.00, 32.12
1.00, 33.74
1.00, 31.34
0.00, 6.13
0.00, 2.86
0.86, 30.32
0.71, 31.54
0.62, 31.34
0.75, 21.83
0.86, 27.88
1.00, 31.88
1.00, 34.45
0.40, 9.40
1.00, 26.63
0.90, 24.39
0.00, 5.58
1.00, 31.15
1.00, 25.27
0.90, 28.52
1.00, 32.52
0.80, 30.87
0.86, 28.27
0.67, 24.05
0.86, 28.40
0.89, 25.95
1.00, 26.66
0.88, 29.06
0.88, 27.16
0.88, 30.83
0.00, 4.90
0.50, 32.04
1.00, 27.53
1.00, 28.64
0.70, 27.23
1.00, 29.13
0.14, 5.49
0.00, 7.91
0.62, 2.92
0.88, 23.83
0.00, 15.17
0.88, 27.38
1.00, 29.71
0.67, 24.55
0.88, 26.94
1.00, 32.58
0.43, 18.11
1.00, 28.07
0.25, 19.70
1.00, 28.61
0.29, 29.02
1.00, 27.10
0.38, 27.11
0.00, 2.30
1.00, 33.71
0.75, 26.33
1.00, 29.93
0.43, 26.78
1.00, 29.72
1.00, 34.40
0.29, 8.00
0.62, 8.49
1.00, 31.27
1.00, 29.45
1.00, 26.64
0.00, 22.43
1.00, 28.59
0.90, 26.57
1.00, 27.43
1.00, 26.82
0.00, 4.18
1.00, 15.06
1.00, 31.08
1.00, 29.45
1.00, 30.40
1.00, 28.45
1.00, 28.87
0.88, 29.03
0.90, 24.36
0.43, 32.17
1.00, 28.57
1.00, 32.50
0.71, 30.57
1.00, 9.64
1.00, 34.00
1.00, 33.13
1.00, 28.50
1.00, 28.88
1.00, 27.61
0.29, 18.72
1.00, 4.20
1.00, 29.93
1.00, 8.74
1.00, 31.05
1.00, 31.74
0.00, 3.68
0.71, 25.00
0.14, 7.74
1.00, 33.85
0.00, 21.09
1.00, 31.77
0.14, 27.30
1.00, 28.90
0.00, 28.68
0.00, 5.33
1.00, 31.84
1.00, 26.64
1.00, 31.88
0.89, 19.15
0.29, 10.23
1.00, 32.22
0.70, 24.22
1.00, 30.71
1.00, 24.64
0.71, 21.99
1.00, 27.70
1.00, 29.77
0.90, 26.94
1.00, 31.04
0.88, 25.84
0.88, 33.90
1.00, 32.47
0.00, 19.39
0.29, 3.61
0.86, 30.21
1.00, 29.58
0.86, 32.33
0.62, 2.64
0.88, 5.35
1.00, 29.39
1.00, 30.59
0.00, 8.29
1.00, 36.14
1.00, 31.80
0.62, 24.88
1.00, 26.88
1.00, 28.22
0.78, 15.27
1.00, 23.27
0.60, 25.91
1.00, 30.22
0.29, 3.71
0.50, 26.37
0.75, 18.06
0.89, 28.56
0.78, 11.89
1.00, 31.83
0.71, 31.09
0.90, 5.56
0.86, 29.56
0.86, 32.90
1.00, 29.55
1.00, 24.64
1.00, 30.64
1.00, 29.69
1.00, 28.20
1.00, 28.93
0.75, 29.68
0.56, 29.84
0.00, 1.29
1.00, 25.44
0.89, 32.05
1.00, 28.97
0.88, 27.22
0.60, 28.39
0.30, 22.49
0.80, 26.97
0.12, 30.09
1.00, 27.74
0.12, 6.38
0.86, 30.05
0.67, 33.58
1.00, 28.65
0.78, 27.93
1.00, 28.50
0.40, 19.88
0.10, 6.24
1.00, 30.70
0.57, 31.54
1.00, 28.63
0.00, 5.68
1.00, 30.62
1.00, 31.25
1.00, 30.17
0.71, 25.82
0.67, 29.29
1.00, 26.28
0.90, 23.86
0.00, 6.25
0.89, 29.73
0.00, 3.25
1.00, 32.55
0.33, 25.22
1.00, 27.58
0.40, 22.71
0.00, 3.68
0.00, 6.31
0.86, 32.01
0.50, 27.44
0.00, 7.90
0.00, 5.60
0.57, 25.99
1.00, 30.11
1.00, 30.57
1.00, 25.27
1.00, 26.17
1.00, 29.50
0.12, 3.66
1.00, 30.62
0.86, 29.56
0.86, 24.02
0.88, 30.08
1.00, 27.69
0.22, 25.54
0.88, 28.04
0.90, 19.26
0.33, 23.27
0.00, 23.17
1.00, 14.85
1.00, 29.96
1.00, 31.47
1.00, 31.35
0.86, 28.97
0.00, 12.39
0.44, 28.82
0.86, 31.15
0.80, 26.43
0.62, 28.70
1.00, 25.22
1.00, 34.20
0.30, 16.19
0.00, 2.36
0.00, 4.82
1.00, 28.83
0.88, 23.79
0.22, 32.03
0.90, 26.03
1.00, 30.39
0.29, 26.77
0.00, 4.64
0.71, 26.46
0.40, 26.27
1.00, 27.60
1.00, 30.01
0.56, 29.49
0.71, 29.33
0.12, 21.32
1.00, 25.75
1.00, 28.70
1.00, 29.54
0.88, 24.82
1.00, 32.43
0.43, 23.96
1.00, 33.42
1.00, 22.54
0.22, 23.91
0.00, 10.02
0.00, 5.17
1.00, 26.90
0.14, 30.88
1.00, 24.24
1.00, 32.85
1.00, 24.61
0.00, 22.05
1.00, 28.36
1.00, 22.99
1.00, 26.98
1.00, 26.78
0.75, 7.84
0.25, 2.84
1.00, 16.34
0.30, 25.98
0.00, 6.72
1.00, 30.34
1.00, 32.43
0.89, 28.05
0.25, 5.40
1.00, 30.47
0.67, 21.13
0.57, 23.21
0.90, 26.37
1.00, 30.38
1.00, 33.30
1.00, 32.52
0.57, 35.03
0.43, 27.66
1.00, 28.63
0.89, 27.29
0.86, 34.37
0.00, 9.72
0.57, 28.98
0.86, 32.29
0.33, 28.12
1.00, 32.50
1.00, 27.84
0.00, 16.68
0.88, 30.04
1.00, 32.06
0.00, 5.81
0.86, 28.55
1.00, 32.53
1.00, 30.58
1.00, 30.98
1.00, 30.02
1.00, 33.73
1.00, 29.44
1.00, 30.22
0.89, 24.50
1.00, 30.37
0.89, 30.77
1.00, 32.76
1.00, 21.87
1.00, 30.74
1.00, 29.44
0.90, 28.73
0.88, 29.58
0.90, 26.10
1.00, 28.00
1.00, 29.36
0.00, 4.06
0.00, 6.56
0.90, 27.03
0.11, 19.73
0.00, 26.29
0.00, 3.86
0.57, 26.59
0.00, 1.19
1.00, 31.71
1.00, 26.54
0.00, 7.66
0.90, 27.75
1.00, 28.68
0.00, 4.00
1.00, 23.41
0.86, 32.52
1.00, 28.68
0.00, 26.89
0.00, 6.78
1.00, 31.17
1.00, 33.25
1.00, 33.14
1.00, 29.02
0.38, 31.42
0.12, 5.21
1.00, 32.14
0.62, 23.15
0.00, 14.55
0.00, 5.40
0.70, 28.33
0.86, 32.57
0.57, 30.30
1.00, 30.00
0.62, 25.17
0.43, 29.25
0.00, 4.94
0.22, 30.96
0.00, 29.42
0.80, 4.54
0.71, 30.87
1.00, 29.12
1.00, 33.56
0.50, 23.67
1.00, 30.39
1.00, 31.81
0.71, 26.08
1.00, 26.97
0.10, 8.85
1.00, 30.49
1.00, 27.50
1.00, 30.37
1.00, 32.43
0.00, 8.40
0.88, 32.16
0.00, 4.35
0.25, 7.00
1.00, 30.37
1.00, 30.23
1.00, 29.06
1.00, 32.79
0.44, 8.48
1.00, 14.80
0.00, 7.17
0.00, 6.64
1.00, 23.20
0.86, 34.05
1.00, 26.05
0.86, 32.14
0.00, 6.10
0.90, 25.52
1.00, 27.42
1.00, 25.26
1.00, 31.10
1.00, 30.60
0.60, 25.39
0.90, 29.30
1.00, 32.73
0.00, 21.72
0.00, 4.43
0.00, 15.95
1.00, 27.13
0.00, 6.06
1.00, 34.53
0.00, 6.99
0.00, 2.94
0.89, 28.97
0.00, 16.19
0.90, 30.16
0.00, 5.67
0.88, 30.85
0.90, 19.40
1.00, 24.57
0.88, 30.09
0.62, 31.47
0.00, 17.28
0.57, 27.40
0.62, 27.23
1.00, 25.21
0.00, 9.52
1.00, 28.89
0.86, 29.30
1.00, 30.75
1.00, 29.44
1.00, 29.59
1.00, 25.38
0.78, 30.11
0.00, 2.36
1.00, 7.20
0.43, 24.91
1.00, 32.31
1.00, 29.65
0.88, 22.79
0.88, 27.96
0.20, 2.97
1.00, 26.64
1.00, 31.83
1.00, 26.74
0.43, 26.84
1.00, 30.35
1.00, 29.88
0.57, 31.61
1.00, 25.87
0.88, 29.93
1.00, 25.75
1.00, 29.45
0.89, 30.03
0.89, 29.34
1.00, 24.05
1.00, 27.08
1.00, 28.79
0.90, 29.30
1.00, 31.40
1.00, 31.91
0.75, 19.95
0.43, 5.23
1.00, 28.79
0.86, 25.62
0.70, 4.70
0.57, 20.39
0.70, 26.91
0.00, 5.92
0.43, 7.87
0.00, 27.52
1.00, 32.55
0.00, 2.88
1.00, 32.37
1.00, 28.32
1.00, 31.23
0.25, 3.08
1.00, 31.89
1.00, 31.32
1.00, 33.17
1.00, 31.01
1.00, 34.08
0.88, 21.75
0.57, 27.50
0.90, 23.61
1.00, 27.90
1.00, 26.29
0.60, 25.91
1.00, 32.93
0.90, 27.82
0.71, 13.08
1.00, 31.48
1.00, 29.04
1.00, 32.91
1.00, 28.42
0.10, 10.45
1.00, 33.58
0.38, 21.67
0.00, 3.58
1.00, 34.54
1.00, 34.01
1.00, 33.00
1.00, 32.29
1.00, 35.17
1.00, 29.82
0.71, 20.70
0.00, 4.08
1.00, 28.20
1.00, 32.81
0.00, 22.47
1.00, 27.47
1.00, 24.67
0.71, 9.44
0.00, 7.44
1.00, 26.37
0.90, 26.01
0.25, 30.79
0.86, 27.24
1.00, 30.71
0.90, 29.25
1.00, 31.61
1.00, 31.66
1.00, 23.15
0.29, 6.02
0.71, 31.28
0.22, 4.45
1.00, 34.68
0.25, 5.62
1.00, 25.64
1.00, 27.12
0.00, 3.70
1.00, 31.18
0.88, 27.55
1.00, 28.61
0.20, 21.01
0.29, 3.91
0.40, 28.46
1.00, 28.52
0.71, 31.34
0.80, 28.85
0.00, 2.46
0.29, 23.61
0.90, 25.83
1.00, 28.56
1.00, 29.39
0.86, 29.47
0.43, 27.40
0.89, 26.76
1.00, 29.02
1.00, 30.67
1.00, 25.11
1.00, 31.85
1.00, 33.23
1.00, 32.12
0.60, 19.73
1.00, 29.59
0.40, 26.84
1.00, 27.43
0.90, 29.11
0.40, 4.47
0.89, 23.73
0.78, 27.73
0.71, 32.12
1.00, 29.26
0.00, 4.07
1.00, 30.05
0.89, 26.54
0.80, 14.76
0.14, 25.97
0.00, 6.49
1.00, 29.01
1.00, 27.56
1.00, 25.07
1.00, 30.50
0.00, 19.81
1.00, 30.43
0.38, 29.26
1.00, 25.86
0.88, 4.38
0.89, 31.95
0.00, 6.25
1.00, 27.56
0.00, 6.13
1.00, 28.61
0.56, 9.79
0.62, 26.31
1.00, 25.39
0.88, 28.19
0.90, 22.46
1.00, 27.95
0.90, 28.27
0.40, 29.27
0.90, 30.41
0.86, 4.42
0.00, 24.08
1.00, 30.80
0.56, 25.76
1.00, 32.22
1.00, 21.79
1.00, 31.51
0.86, 30.04
0.00, 4.54
1.00, 30.14
0.20, 22.36
1.00, 28.93
1.00, 28.63
0.71, 25.90
1.00, 34.08
1.00, 29.11
1.00, 28.11
0.00, 13.67
1.00, 25.68
0.71, 28.26
0.00, 2.90
0.60, 24.17
0.67, 20.94
1.00, 30.69
1.00, 26.00
1.00, 28.79
0.00, 2.52
1.00, 28.07
1.00, 26.46
1.00, 30.15
1.00, 31.28
0.90, 28.60
0.86, 27.59
0.57, 2.68
1.00, 29.33
0.60, 26.87
1.00, 29.62
1.00, 30.25
1.00, 24.16
1.00, 29.77
1.00, 28.15
0.20, 19.88
1.00, 28.11
1.00, 30.13
1.00, 30.13
0.50, 5.12
0.00, 19.80
1.00, 25.18
0.88, 27.49
1.00, 31.24
1.00, 28.34
1.00, 28.97
0.86, 28.53
0.71, 23.42
0.50, 22.48
1.00, 19.43
0.90, 26.45
1.00, 30.13
1.00, 25.76
0.78, 30.60
0.80, 29.23
0.25, 23.46
0.22, 3.62
0.57, 30.74
1.00, 35.06
0.86, 27.19
0.38, 21.28
0.12, 13.13
1.00, 15.92
1.00, 29.25
0.88, 29.64
1.00, 29.02
1.00, 24.45
1.00, 28.78
0.86, 27.99
0.00, 5.07
1.00, 28.16
0.89, 28.54
0.62, 23.17
1.00, 27.15
0.89, 31.73
1.00, 27.36
0.00, 18.18
0.88, 32.38
1.00, 27.44
1.00, 25.20
1.00, 32.36
0.00, 26.43
0.86, 32.93
1.00, 30.54
0.89, 28.35
0.00, 0.88
1.00, 32.52
1.00, 28.23
1.00, 29.91
1.00, 30.73
0.71, 30.71
1.00, 27.11
1.00, 23.21
1.00, 24.45
1.00, 27.85
1.00, 29.20
1.00, 26.52
0.88, 28.16
1.00, 32.66
0.86, 31.42
1.00, 24.08
1.00, 27.54
0.88, 31.73
1.00, 26.28
0.80, 27.65
0.88, 26.50
0.00, 5.11
1.00, 30.21
1.00, 28.16
0.00, 2.30
0.86, 29.56
0.57, 23.02
0.86, 26.96
1.00, 30.53
1.00, 30.00
0.57, 29.75
1.00, 24.65
0.89, 26.39
0.00, 3.19
0.00, 3.19
1.00, 29.98
0.00, 8.67
1.00, 33.47
0.90, 26.03
1.00, 33.30
0.29, 15.96
0.90, 30.80
1.00, 31.78
1.00, 28.93
1.00, 26.01
0.44, 28.67
1.00, 30.06
1.00, 31.11
0.75, 8.23
0.00, 4.35
0.22, 21.86
1.00, 25.94
1.00, 32.70
0.20, 7.08
0.22, 7.11
0.25, 5.29
1.00, 32.80
0.43, 8.49
1.00, 31.91
1.00, 31.62
1.00, 31.75
1.00, 32.39
1.00, 31.71
0.50, 31.94
0.86, 31.35
1.00, 29.87
0.00, 2.80
0.00, 28.15
0.90, 26.56
0.75, 29.51
0.00, 4.36
0.00, 4.26
1.00, 30.53
1.00, 29.31
1.00, 31.29
1.00, 29.92
1.00, 32.77
1.00, 33.29
1.00, 27.21
0.50, 4.04
1.00, 26.30
0.00, 19.00
0.78, 25.09
0.11, 28.30
0.88, 26.55
0.71, 27.26
0.89, 21.77
0.88, 31.14
0.14, 28.75
0.29, 24.34
0.00, 4.02
0.88, 30.23
1.00, 29.21
0.62, 20.32
0.14, 28.89
1.00, 25.99
0.12, 6.24
1.00, 25.85
0.60, 17.04
0.86, 29.59
1.00, 30.69
0.56, 25.08
0.00, 5.10
0.20, 5.27
0.88, 25.73
0.12, 5.15
1.00, 34.30
0.00, 27.73
0.50, 7.20
1.00, 30.18
0.12, 29.00
0.86, 29.52
0.44, 24.71
1.00, 23.33
1.00, 31.17
0.00, 6.46
0.88, 29.25
1.00, 25.68
1.00, 28.17
0.43, 30.02
0.86, 31.14
0.38, 26.85
1.00, 32.76
0.90, 29.17
1.00, 28.32
0.22, 32.51
0.86, 25.09
1.00, 32.96
0.00, 2.69
1.00, 30.93
1.00, 26.83
0.90, 29.75
1.00, 27.73
0.29, 30.67
0.29, 6.91
0.70, 32.17
1.00, 30.80
1.00, 32.69
0.00, 3.92
1.00, 27.21
0.10, 6.82
1.00, 31.41
0.22, 6.54
0.14, 31.34
1.00, 27.20
1.00, 26.48
1.00, 27.32
0.89, 30.49
1.00, 32.71
0.00, 4.37
0.89, 28.43
0.60, 26.95
1.00, 31.43
0.00, 4.29
1.00, 30.92
0.38, 29.59
0.71, 32.82
0.00, 22.73
0.90, 26.55
0.62, 30.80
1.00, 25.98
0.10, 6.68
0.11, 12.73
0.00, 8.55
0.80, 22.91
1.00, 30.57
1.00, 33.86
0.00, 31.35
0.90, 28.56
0.43, 29.91
1.00, 27.23
0.00, 5.20
1.00, 28.50
0.89, 27.47
1.00, 33.38
1.00, 30.01
0.30, 19.92
1.00, 29.07
0.78, 24.58
1.00, 21.31
0.00, 2.34
1.00, 30.20
1.00, 26.54
0.50, 27.26
1.00, 32.29
0.00, 21.62
0.43, 29.48
0.44, 21.65
1.00, 24.43
0.60, 2.32
1.00, 32.84
0.71, 30.75
1.00, 29.39
0.00, 21.24
0.71, 29.30
1.00, 28.13
1.00, 32.25
0.86, 33.41
1.00, 26.61
1.00, 27.81
1.00, 31.82
0.00, 3.77
0.50, 24.45
1.00, 25.68
0.86, 32.90
0.71, 26.19
1.00, 23.58
1.00, 26.18
0.57, 32.64
1.00, 26.63
0.25, 22.23
0.88, 30.24
0.14, 11.14
0.30, 15.88
0.00, 6.36
1.00, 32.21
0.00, 12.45
1.00, 27.62
0.10, 4.33
0.57, 29.90
0.00, 4.35
0.86, 27.58
0.29, 28.86
0.00, 11.94
0.12, 5.92
1.00, 31.28
0.78, 29.83
1.00, 28.01
0.40, 25.81
1.00, 29.61
1.00, 24.96
1.00, 29.02
0.25, 30.17
1.00, 28.97
1.00, 7.08
0.00, 5.29
1.00, 6.56
1.00, 26.97
1.00, 30.96
1.00, 28.48
0.67, 30.89
0.88, 30.43
1.00, 5.22
0.89, 30.60
1.00, 31.45
1.00, 26.56
0.14, 27.44
0.86, 24.75
1.00, 23.97
0.57, 4.69
1.00, 31.10
0.80, 18.75
0.88, 31.21
0.90, 29.14
1.00, 31.48
1.00, 29.50
1.00, 31.32
1.00, 29.42
0.00, 23.69
0.86, 28.63
1.00, 31.88
0.38, 31.34
0.14, 29.40
1.00, 30.37
1.00, 33.26
0.75, 7.84
1.00, 31.65
0.00, 7.02
0.56, 23.64
1.00, 30.34
1.00, 30.90
0.29, 22.49
1.00, 30.72
0.78, 25.84
0.00, 30.70
0.00, 1.86
1.00, 29.01
1.00, 30.16
0.71, 28.96
0.90, 28.18
1.00, 26.73
0.71, 33.66
0.00, 1.91
1.00, 30.93
0.10, 6.87
1.00, 27.32
0.20, 7.64
1.00, 26.09
1.00, 28.53
0.89, 24.70
1.00, 13.87
1.00, 24.55
1.00, 26.72
1.00, 30.28
0.00, 3.23
0.00, 5.17
0.57, 22.59
1.00, 25.94
1.00, 27.78
0.43, 23.23
0.29, 4.14
1.00, 31.64
1.00, 31.50
1.00, 27.44
0.70, 29.09
0.57, 30.22
1.00, 26.51
0.00, 3.89
0.14, 25.91
0.80, 30.27
0.90, 26.05
0.90, 29.86
1.00, 33.11
1.00, 31.50
1.00, 31.81
0.43, 6.65
1.00, 28.76
1.00, 31.30
0.75, 22.30
0.89, 29.18
0.90, 20.02
1.00, 30.56
0.86, 31.81
0.29, 21.25
1.00, 25.97
1.00, 27.88
1.00, 27.58
0.00, 4.88
0.29, 22.21
0.71, 26.42
0.00, 22.66
1.00, 29.23
1.00, 32.49
0.30, 24.76
1.00, 25.86
1.00, 30.77
1.00, 32.07
0.71, 26.52
1.00, 25.30
1.00, 35.00
0.00, 3.85
1.00, 28.17
1.00, 21.00
1.00, 27.85
1.00, 26.16
0.78, 24.19
1.00, 30.05
1.00, 4.03
0.75, 30.18
1.00, 24.65
0.30, 18.99
1.00, 23.59
1.00, 32.13
1.00, 29.27
1.00, 28.94
0.00, 2.54
0.25, 25.80
1.00, 29.55
1.00, 30.80
1.00, 33.38
0.38, 25.16
0.00, 4.46
0.86, 32.43
1.00, 29.01
1.00, 24.18
0.71, 32.86
0.62, 32.63
0.00, 2.04
0.62, 26.76
0.12, 5.25
0.00, 4.72
0.71, 29.50
1.00, 29.39
0.43, 10.34
1.00, 32.30
1.00, 26.12
0.14, 32.77
1.00, 30.50
0.10, 5.17
1.00, 28.13
1.00, 22.37
0.00, 4.46
1.00, 30.96
0.89, 29.21
1.00, 28.71
0.88, 29.75
1.00, 25.99
1.00, 26.14
1.00, 24.19
0.56, 8.09
0.90, 26.28
1.00, 30.08
0.25, 34.83
1.00, 29.39
0.80, 25.32
1.00, 28.75
1.00, 32.91
0.12, 28.28
0.00, 2.23
1.00, 23.71
1.00, 33.86
0.00, 3.54
0.86, 24.76
0.00, 5.95
1.00, 24.38
1.00, 31.30
1.00, 32.27
0.43, 6.50
0.88, 30.80
1.00, 29.53
1.00, 30.54
0.20, 9.35
1.00, 23.34
1.00, 30.33
0.67, 22.94
0.62, 9.72
1.00, 30.76
1.00, 30.77
0.62, 28.94
1.00, 31.94
1.00, 31.23
1.00, 26.16
1.00, 27.46
0.90, 26.10
1.00, 32.81
1.00, 29.00
1.00, 27.10
0.75, 26.11
0.71, 30.30
0.50, 27.07
1.00, 7.95
0.80, 28.19
1.00, 31.18
1.00, 34.89
0.88, 26.95
0.78, 20.72
0.33, 18.65
0.00, 3.95
1.00, 29.49
0.86, 28.13
0.00, 2.39
0.00, 31.49
0.88, 27.98
1.00, 29.31
1.00, 29.15
0.12, 9.71
0.50, 7.63
1.00, 4.67
0.00, 5.31
1.00, 31.44
1.00, 31.36
1.00, 31.89
1.00, 29.67
1.00, 28.49
0.00, 3.79
1.00, 28.40
1.00, 32.82
0.67, 26.44
1.00, 29.42
1.00, 28.73
0.12, 22.56
1.00, 30.63
1.00, 29.17
1.00, 31.62
1.00, 32.34
0.00, 4.76
0.75, 29.74
1.00, 11.54
0.78, 25.41
0.86, 10.74
0.90, 28.69
0.50, 25.36
0.00, 3.07
0.86, 32.67
1.00, 31.42
0.29, 1.58
1.00, 31.08
1.00, 32.68
1.00, 30.64
0.71, 34.04
0.44, 28.10
0.29, 25.05
1.00, 27.58
1.00, 25.64
0.88, 26.32
1.00, 28.43
1.00, 29.67
0.88, 33.21
0.57, 31.36
0.00, 3.98
1.00, 28.30
1.00, 31.86
1.00, 32.41
1.00, 32.52
0.00, 4.81
0.86, 13.82
0.00, 4.86
0.20, 7.73
0.00, 20.30
1.00, 32.87
1.00, 29.88
0.00, 29.22
0.11, 16.30
0.00, 4.71
1.00, 29.69
0.78, 25.65
1.00, 33.77
1.00, 32.35
1.00, 35.12
0.10, 6.59
1.00, 28.23
0.00, 2.30
0.88, 32.12
0.71, 32.30
1.00, 30.46
1.00, 33.05
1.00, 33.07
0.33, 2.88
0.80, 18.30
0.00, 22.02
0.89, 29.34
0.00, 25.09
0.80, 27.39
0.88, 29.29
0.29, 23.85
0.67, 22.67
0.00, 20.20
1.00, 28.16
0.25, 28.39
0.90, 22.17
1.00, 29.04
1.00, 34.54
0.88, 30.25
1.00, 30.24
0.78, 30.15
1.00, 8.06
1.00, 28.46
0.33, 2.83
0.60, 25.67
0.90, 29.38
0.00, 3.75
1.00, 30.11
1.00, 29.99
1.00, 30.55
0.78, 25.81
0.80, 22.46
1.00, 28.90
1.00, 28.05
0.71, 31.51
0.00, 2.37
1.00, 31.64
0.89, 30.08
0.14, 8.63
0.75, 26.74
0.89, 19.02
1.00, 30.19
1.00, 32.22
1.00, 30.60
1.00, 29.57
0.75, 29.49
0.50, 9.24
0.00, 10.54
1.00, 30.27
1.00, 29.88
1.00, 31.10
1.00, 31.98
0.89, 26.34
0.90, 29.06
0.88, 25.98
1.00, 27.68
1.00, 33.18
1.00, 32.47
1.00, 29.38
0.71, 27.54
1.00, 31.56
0.00, 3.03
0.00, 5.52
1.00, 29.99
0.00, 2.52
0.86, 30.75
0.75, 30.77
0.75, 23.28
0.86, 33.16
1.00, 30.47
0.89, 29.42
0.29, 7.89
1.00, 31.93
1.00, 26.36
0.14, 3.04
0.00, 3.89
1.00, 32.48
0.67, 27.85
0.56, 25.96
0.86, 35.66
0.38, 27.25
0.00, 10.85
0.00, 25.74
1.00, 29.42
1.00, 31.39
0.00, 14.16
0.67, 12.18
0.14, 9.00
1.00, 33.97
1.00, 25.38
0.70, 25.95
0.38, 24.81
0.00, 3.72
0.43, 26.24
0.00, 21.02
1.00, 34.98
0.00, 21.33
1.00, 29.88
1.00, 29.41
0.62, 25.50
0.71, 10.59
1.00, 32.35
1.00, 29.20
1.00, 31.61
0.00, 12.63
0.12, 4.81
0.43, 17.97
1.00, 33.35
0.25, 25.78
1.00, 35.13
1.00, 33.78
1.00, 26.21
1.00, 33.17
0.30, 9.19
1.00, 31.87
1.00, 30.36
0.90, 29.50
0.88, 18.52
0.12, 32.43
0.00, 4.72
0.78, 31.53
1.00, 32.50
0.00, 4.00
1.00, 28.51
0.88, 26.03
0.25, 9.13
0.90, 26.83
0.44, 27.86
0.80, 29.16
0.43, 7.21
1.00, 31.32
1.00, 27.14
1.00, 28.01
1.00, 32.65
1.00, 33.14
0.62, 29.34
1.00, 14.25
0.29, 3.48
0.90, 25.23
0.33, 24.76
1.00, 30.17
0.29, 27.89
1.00, 34.63
1.00, 30.54
0.10, 10.11
0.00, 2.89
0.62, 28.32
1.00, 23.72
1.00, 26.61
0.29, 27.97
0.89, 31.22
1.00, 28.97
1.00, 31.85
0.33, 18.31
1.00, 31.08
1.00, 28.06
1.00, 23.41
1.00, 25.17
0.88, 26.20
0.00, 4.45
0.71, 31.30
0.50, 20.55
0.78, 23.98
1.00, 24.87
1.00, 28.78
1.00, 23.31
0.71, 29.68
1.00, 29.50
1.00, 31.74
1.00, 32.84
1.00, 28.89
1.00, 28.70
1.00, 33.87
0.86, 27.72
1.00, 28.48
0.00, 9.08
0.90, 30.89
1.00, 29.79
0.14, 30.12
0.86, 21.81
1.00, 33.27
0.88, 22.60
0.00, 24.43
0.00, 23.89
1.00, 29.37
0.86, 25.67
1.00, 31.44
1.00, 25.50
1.00, 31.15
0.44, 2.76
1.00, 28.20
0.80, 24.53
1.00, 28.91
0.10, 5.94
1.00, 24.22
0.30, 15.28
1.00, 26.46
1.00, 29.45
0.00, 3.69
0.14, 24.63
1.00, 30.11
1.00, 31.89
0.70, 30.09
0.75, 28.73
0.78, 30.50
0.00, 22.89
1.00, 28.35
0.30, 8.33
1.00, 29.93
0.10, 14.99
0.75, 26.03
1.00, 31.04
1.00, 21.11
0.75, 25.89
0.12, 2.92
0.90, 26.78
1.00, 27.89
0.86, 35.13
0.00, 4.39
1.00, 34.83
1.00, 25.06
0.86, 24.15
0.90, 29.14
1.00, 24.26
1.00, 30.53
0.78, 29.77
1.00, 30.06
0.89, 24.93
1.00, 30.54
0.38, 10.01
0.00, 7.94
0.00, 3.22
0.10, 26.62
0.50, 24.90
1.00, 32.86
0.80, 28.50
1.00, 26.43
1.00, 30.82
0.00, 23.60
0.71, 27.26
1.00, 34.54
0.86, 24.89
0.89, 26.26
0.14, 11.07
0.14, 3.20
0.80, 27.28
0.25, 24.79
0.80, 21.61
0.57, 29.37
0.14, 21.14
0.88, 30.42
0.75, 26.16
1.00, 31.96
0.88, 23.20
0.67, 15.22
1.00, 30.63
0.90, 23.75
0.75, 11.56
0.00, 18.83
1.00, 29.97
0.86, 31.44
1.00, 27.84
0.78, 25.06
0.80, 28.41
1.00, 32.11
1.00, 26.98
1.00, 28.53
0.44, 11.22
1.00, 30.54
0.00, 3.48
1.00, 28.51
1.00, 29.26
0.80, 28.61
1.00, 30.21
0.00, 9.18
1.00, 32.69
1.00, 27.03
1.00, 27.98
1.00, 22.22
0.86, 21.63
1.00, 25.29
0.56, 28.87
1.00, 28.36
0.50, 3.19
0.00, 6.23
0.00, 13.21
1.00, 29.81
1.00, 31.17
1.00, 32.17
1.00, 29.83
1.00, 32.45
0.88, 27.01
0.00, 4.72
1.00, 29.90
0.00, 6.73
0.00, 4.19
1.00, 24.45
1.00, 32.81
1.00, 27.86
0.00, 5.29
0.90, 25.93
0.89, 27.78
0.00, 3.57
0.70, 28.91
1.00, 30.67
1.00, 32.82
1.00, 32.20
0.12, 5.33
1.00, 32.83
0.80, 26.45
1.00, 24.77
0.20, 6.65
0.71, 31.34
1.00, 31.36
0.90, 28.35
1.00, 26.80
0.00, 28.80
1.00, 32.86
1.00, 30.20
1.00, 30.36
1.00, 31.39
1.00, 31.26
0.57, 32.95
0.44, 24.16
0.86, 31.71
0.00, 5.59
0.56, 30.19
0.00, 4.19
0.88, 5.70
1.00, 27.51
0.90, 28.58
0.88, 33.96
0.80, 24.48
0.89, 31.83
0.30, 3.59
1.00, 26.47
1.00, 33.41
0.43, 25.58
0.43, 32.03
1.00, 30.17
0.00, 3.90
0.14, 7.22
0.88, 31.79
1.00, 31.48
1.00, 33.56
1.00, 32.08
0.00, 5.83
0.60, 19.64
1.00, 31.77
1.00, 29.97
0.00, 6.88
1.00, 28.98
0.57, 29.94
1.00, 27.90
0.44, 14.34
1.00, 27.16
0.70, 5.79
1.00, 27.52
0.86, 29.36
1.00, 30.44
0.86, 5.19
0.62, 25.94
1.00, 28.81
1.00, 26.31
0.80, 20.87
0.11, 31.12
1.00, 24.27
0.60, 21.01
1.00, 30.87
0.86, 26.34
1.00, 32.22
1.00, 21.97
1.00, 28.65
1.00, 33.99
1.00, 27.57
0.89, 23.37
0.00, 22.56
1.00, 22.26
0.44, 3.69
1.00, 31.40
1.00, 29.60
1.00, 27.04
1.00, 27.32
0.70, 26.81
1.00, 29.95
0.62, 28.18
1.00, 31.84
1.00, 31.35
0.90, 25.00
0.86, 27.96
1.00, 29.58
0.44, 10.61
0.00, 2.38
1.00, 32.77
1.00, 28.67
1.00, 34.15
1.00, 21.34
0.11, 7.66
1.00, 27.44
0.89, 26.50
1.00, 35.40
1.00, 26.01
0.88, 31.32
1.00, 27.06
1.00, 26.32
0.38, 2.44
1.00, 28.63
1.00, 34.22
1.00, 24.58
0.14, 19.82
0.10, 1.37
1.00, 32.48
0.86, 28.15
0.00, 5.04
1.00, 31.52
0.86, 32.36
1.00, 30.37
0.00, 26.14
0.89, 15.99
1.00, 26.75
0.60, 29.24
0.56, 26.59
1.00, 28.76
0.00, 2.36
0.00, 2.14
0.86, 25.19
1.00, 28.85
1.00, 27.78
0.43, 31.20
0.00, 24.96
1.00, 31.51
1.00, 30.72
0.44, 29.48
0.00, 3.58
1.00, 30.85
1.00, 30.63
0.86, 33.73
1.00, 27.94
0.70, 29.40
1.00, 26.62
0.50, 25.22
0.90, 28.58
0.70, 24.33
1.00, 25.65
0.12, 23.76
1.00, 29.58
1.00, 28.06
1.00, 16.61
0.75, 27.81
1.00, 29.31
1.00, 25.02
1.00, 24.82
0.86, 29.79
0.00, 3.84
1.00, 30.52
1.00, 24.88
0.00, 1.70
0.12, 3.40
1.00, 26.34
0.00, 8.01
1.00, 8.62
0.00, 25.00
1.00, 31.23
1.00, 24.18
1.00, 28.30
0.25, 27.67
0.75, 29.62
1.00, 25.17
1.00, 22.25
1.00, 30.84
1.00, 31.96
0.89, 29.45
1.00, 30.09
0.38, 31.60
1.00, 30.51
1.00, 29.20
1.00, 33.72
1.00, 29.10
0.75, 26.73
1.00, 26.88
0.00, 5.06
1.00, 24.98
0.75, 29.38
0.33, 19.67
1.00, 26.37
0.14, 3.43
0.00, 2.98
1.00, 29.08
1.00, 29.98
0.43, 27.61
0.25, 5.67
1.00, 33.57
0.00, 1.55
0.38, 27.20
0.86, 32.50
1.00, 24.46
1.00, 34.57
1.00, 31.49
0.75, 30.46
0.80, 25.91
0.71, 28.44
0.86, 31.68
1.00, 26.96
1.00, 27.08
1.00, 33.13
1.00, 30.88
0.57, 28.18
0.43, 30.46
0.88, 4.97
0.29, 24.75
1.00, 27.58
0.75, 32.26
0.90, 29.33
1.00, 29.15
0.00, 27.41
1.00, 32.32
0.33, 26.51
1.00, 26.36
0.00, 13.79
1.00, 26.42
1.00, 27.79
1.00, 23.41
1.00, 30.12
0.78, 29.52
1.00, 26.75
1.00, 33.19
0.89, 8.83
0.29, 26.67
0.00, 5.67
1.00, 27.88
1.00, 27.67
0.57, 27.95
0.10, 18.15
0.71, 27.12
1.00, 33.45
0.29, 4.78
1.00, 22.13
0.57, 30.35
0.00, 4.46
0.60, 25.20
1.00, 32.92
1.00, 27.71
1.00, 29.06
0.00, 7.44
1.00, 31.20
1.00, 8.09
1.00, 32.79
0.12, 20.76
1.00, 25.39
1.00, 26.65
0.20, 25.36
0.00, 3.41
0.30, 10.68
1.00, 31.28
0.71, 29.85
1.00, 30.34
0.00, 6.71
1.00, 27.29
1.00, 31.93
0.86, 32.47
0.38, 32.24
0.00, 6.14
0.00, 7.87
1.00, 33.70
1.00, 31.59
1.00, 31.68
1.00, 33.79
0.75, 28.07
0.70, 28.60
0.00, 26.13
1.00, 31.54
1.00, 30.64
0.30, 12.76
0.00, 5.25
0.44, 7.38
0.00, 5.11
0.60, 27.57
0.00, 10.28
0.67, 23.11
0.89, 28.84
0.80, 25.48
0.71, 27.86
1.00, 32.39
1.00, 17.54
0.90, 28.26
1.00, 30.49
1.00, 26.48
1.00, 33.39
0.11, 4.17
0.00, 2.03
1.00, 26.23
1.00, 28.68
0.70, 3.57
0.43, 27.07
1.00, 30.52
1.00, 26.27
1.00, 32.12
1.00, 26.58
1.00, 23.25
1.00, 29.92
0.38, 28.04
1.00, 33.28
0.00, 27.35
0.60, 27.34
0.00, 2.88
1.00, 32.98
0.12, 22.07
1.00, 27.09
1.00, 22.80
0.88, 31.28
0.71, 26.13
0.22, 4.46
1.00, 30.26
0.60, 29.54
0.00, 3.42
0.33, 5.44
0.80, 27.27
1.00, 10.49
1.00, 30.87
1.00, 29.67
1.00, 30.24
1.00, 35.43
0.25, 22.83
1.00, 31.66
0.56, 25.67
0.00, 4.73
0.38, 28.23
1.00, 35.47
1.00, 33.19
1.00, 32.94
1.00, 27.34
0.90, 21.00
1.00, 31.24
1.00, 27.52
1.00, 26.69
0.71, 33.21
0.00, 2.79
0.88, 27.75
1.00, 33.23
1.00, 30.91
0.90, 26.78
0.89, 27.98
1.00, 30.46
1.00, 29.29
1.00, 31.97
0.00, 1.20
0.25, 23.19
1.00, 24.70
1.00, 25.97
1.00, 30.99
0.00, 14.29
1.00, 26.57
0.71, 26.75
0.00, 3.88
0.86, 30.78
0.43, 28.36
0.50, 26.91
0.14, 32.17
0.89, 29.11
0.67, 25.46
0.71, 28.97
1.00, 22.30
0.89, 32.64
1.00, 29.41
0.43, 20.79
1.00, 26.80
1.00, 28.27
0.38, 24.77
1.00, 28.88
1.00, 31.57
0.70, 25.34
1.00, 26.42
1.00, 25.42
0.88, 29.43
1.00, 32.34
1.00, 32.93
1.00, 31.33
0.88, 27.08
0.88, 31.53
1.00, 25.17
1.00, 31.87
0.90, 25.34
0.00, 2.50
0.10, 5.34
0.90, 28.24
1.00, 20.34
1.00, 31.26
0.88, 27.32
1.00, 28.07
0.00, 7.09
0.90, 29.25
0.80, 25.83
1.00, 28.15
1.00, 29.50
0.00, 12.80
1.00, 30.51
0.80, 24.62
0.40, 25.25
1.00, 32.83
0.25, 25.49
0.00, 3.07
1.00, 27.27
1.00, 32.42
0.20, 5.18
1.00, 27.88
1.00, 19.67
0.00, 8.79
1.00, 26.43
0.00, 3.85
1.00, 32.09
0.12, 4.99
0.75, 25.06
0.88, 19.55
0.30, 7.39
1.00, 30.88
0.14, 28.02
0.80, 30.08
0.89, 29.51
0.00, 12.98
1.00, 29.69
1.00, 14.83
1.00, 28.21
1.00, 29.16
1.00, 32.69
0.50, 28.21
1.00, 32.41
1.00, 27.50
0.29, 34.07
1.00, 33.10
1.00, 9.89
0.80, 26.06
0.57, 3.38
1.00, 29.36
1.00, 29.52
0.57, 12.69
0.30, 26.45
0.00, 22.25
0.20, 24.26
0.43, 26.23
0.78, 29.89
0.43, 17.99
0.70, 26.43
0.90, 26.31
1.00, 30.55
1.00, 30.62
1.00, 26.99
0.86, 32.24
0.00, 21.39
1.00, 31.33
1.00, 32.54
1.00, 29.40
0.78, 28.05
1.00, 30.67
1.00, 30.92
0.86, 7.48
1.00, 29.24
1.00, 31.90
0.29, 22.83
0.75, 28.64
1.00, 25.59
1.00, 28.76
0.71, 5.18
0.57, 2.52
0.22, 2.19
1.00, 31.91
0.88, 3.20
0.88, 31.08
1.00, 31.40
1.00, 29.85
1.00, 26.61
0.38, 22.96
0.00, 32.71
0.00, 7.11
1.00, 31.20
0.70, 27.68
0.25, 31.13
1.00, 32.46
0.90, 28.19
1.00, 30.32
0.14, 19.65
0.14, 10.85
1.00, 34.13
1.00, 27.11
0.00, 2.46
1.00, 32.77
0.86, 28.93
0.70, 23.77
1.00, 30.31
0.00, 3.11
0.89, 33.22
0.00, 12.96
0.78, 30.02
0.62, 23.97
0.00, 7.66
1.00, 26.91
1.00, 31.95
0.22, 26.63
1.00, 32.02
0.00, 30.39
0.00, 2.11
1.00, 32.89
1.00, 27.55
0.33, 20.80
1.00, 26.61
1.00, 28.03
1.00, 20.66
1.00, 31.00
1.00, 24.27
0.89, 27.50
0.71, 28.70
1.00, 35.18
1.00, 27.15
1.00, 26.37
0.67, 28.40
1.00, 25.91
1.00, 31.32
0.00, 3.41
0.71, 4.78
0.89, 23.16
1.00, 27.24
0.50, 22.46
1.00, 30.80
0.10, 3.45
0.56, 4.43
1.00, 31.40
0.78, 27.50
1.00, 25.79
0.86, 25.53
0.12, 29.44
0.71, 30.46
1.00, 32.13
1.00, 27.42
0.86, 33.02
0.90, 24.47
0.22, 29.57
1.00, 24.35
0.29, 25.53
1.00, 29.45
1.00, 32.65
0.14, 25.25
1.00, 31.81
1.00, 32.40
1.00, 29.26
1.00, 32.64
0.29, 26.65
0.10, 8.67
0.00, 25.85
1.00, 27.16
1.00, 29.20
1.00, 28.16
0.00, 2.99
0.89, 28.18
0.75, 23.55
0.86, 31.18
0.30, 25.20
1.00, 25.09
0.00, 25.03
1.00, 23.51
0.90, 29.93
0.33, 20.62
0.00, 4.07
0.10, 2.06
0.75, 29.79
0.86, 31.99
1.00, 31.29
0.56, 23.51
1.00, 31.32
1.00, 23.42
1.00, 29.47
0.00, 29.12
0.11, 3.42
1.00, 27.43
1.00, 26.86
1.00, 30.09
1.00, 33.83
0.88, 30.29
0.60, 9.43
0.88, 21.05
1.00, 20.93
1.00, 29.69
0.75, 31.53
0.62, 2.86
1.00, 27.35
1.00, 30.64
0.12, 3.64
1.00, 32.26
1.00, 28.42
0.00, 30.19
0.62, 27.11
0.88, 28.28
1.00, 29.93
1.00, 20.08
1.00, 32.10
1.00, 34.97
1.00, 29.46
0.40, 24.59
0.00, 2.68
1.00, 30.84
1.00, 31.40
1.00, 28.21
0.86, 11.87
0.50, 23.02
1.00, 32.40
0.86, 13.50
1.00, 26.89
1.00, 31.80
0.62, 29.12
0.57, 30.33
1.00, 25.10
0.40, 23.00
0.89, 10.09
0.57, 34.50
0.00, 8.14
1.00, 31.37
0.10, 6.98
0.00, 9.45
0.50, 7.76
0.90, 29.83
0.86, 30.63
1.00, 30.73
0.00, 5.40
1.00, 32.33
1.00, 33.36
0.00, 6.54
1.00, 31.87
0.88, 30.25
0.29, 25.13
0.00, 5.98
0.56, 27.55
1.00, 32.48
1.00, 26.49
1.00, 32.04
0.89, 29.82
0.14, 4.74
0.33, 26.19
1.00, 30.09
1.00, 29.35
0.00, 7.66
0.88, 30.77
0.50, 19.43
0.90, 20.56
0.62, 29.22
0.86, 16.76
1.00, 32.27
1.00, 8.63
0.25, 27.88
1.00, 30.78
0.60, 27.46
0.00, 2.40
1.00, 32.45
0.00, 25.93
0.57, 26.84
1.00, 28.92
0.11, 5.00
0.67, 26.21
0.86, 34.97
1.00, 27.37
1.00, 25.25
1.00, 29.60
1.00, 32.71
0.80, 29.18
1.00, 27.23
1.00, 29.25
0.71, 30.81
1.00, 28.00
0.78, 27.27
1.00, 32.00
0.00, 6.40
0.80, 26.60
1.00, 30.45
0.50, 17.74
0.38, 23.18
1.00, 31.09
0.00, 19.66
1.00, 26.29
1.00, 27.71
0.56, 31.45
0.00, 33.91
0.00, 25.66
1.00, 26.12
0.71, 32.65
0.56, 19.25
1.00, 31.52
0.44, 5.69
0.00, 1.71
0.71, 29.20
1.00, 31.07
1.00, 28.10
1.00, 31.43
1.00, 4.56
1.00, 24.43
1.00, 30.21
1.00, 31.11
1.00, 31.47
1.00, 31.19
1.00, 28.86
1.00, 27.30
1.00, 29.50
0.00, 12.34
1.00, 32.29
0.11, 3.07
1.00, 31.11
1.00, 29.84
1.00, 34.06
1.00, 17.43
1.00, 11.65
0.90, 27.62
1.00, 22.76
1.00, 28.23
0.88, 31.15
0.25, 26.39
1.00, 31.41
0.78, 30.28
1.00, 31.29
1.00, 30.80
1.00, 32.95
1.00, 31.98
1.00, 27.10
0.00, 2.39
1.00, 30.26
0.60, 25.03
1.00, 23.89
1.00, 10.97
0.57, 28.57
0.88, 26.10
1.00, 6.54
1.00, 28.84
1.00, 25.53
0.43, 4.85
0.00, 3.59
1.00, 26.52
1.00, 30.29
0.86, 27.32
1.00, 23.15
1.00, 27.97
1.00, 29.13
0.00, 20.09
1.00, 29.01
0.25, 27.27
1.00, 29.47
0.71, 33.84
0.44, 31.44
0.12, 26.58
0.25, 21.52
0.57, 29.55
0.00, 20.92
1.00, 29.88
1.00, 29.10
1.00, 29.23
1.00, 32.18
1.00, 29.86
0.78, 26.01
0.86, 4.91
0.86, 32.57
0.86, 33.30
1.00, 27.24
0.75, 14.15
0.43, 3.74
0.78, 30.64
0.71, 28.76
1.00, 28.31
1.00, 29.00
1.00, 30.80
0.78, 4.46
1.00, 26.37
1.00, 30.68
0.50, 22.41
1.00, 32.68
1.00, 27.28
1.00, 34.17
1.00, 32.90
1.00, 29.19
1.00, 2.82
1.00, 28.87
0.70, 24.47
0.90, 23.19
1.00, 21.18
0.20, 21.90
1.00, 30.52
1.00, 30.61
1.00, 27.66
1.00, 6.60
0.86, 31.02
0.00, 3.73
1.00, 28.98
1.00, 32.81
1.00, 31.10
0.38, 3.30
1.00, 31.30
0.57, 9.48
0.00, 5.82
0.62, 7.02
0.00, 4.86
0.80, 25.69
0.00, 4.41
0.90, 26.45
0.14, 26.11
0.00, 4.55
1.00, 31.85
1.00, 27.18
1.00, 28.44
1.00, 9.42
0.00, 29.03
1.00, 28.92
1.00, 31.07
1.00, 26.80
0.56, 28.76
1.00, 27.17
1.00, 31.51
1.00, 33.89
1.00, 34.25
1.00, 27.82
1.00, 28.64
0.29, 29.34
0.80, 27.78
0.29, 28.74
0.89, 28.95
1.00, 26.74
0.70, 19.32
0.78, 26.92
0.00, 18.89
1.00, 28.51
0.90, 27.44
1.00, 27.83
0.00, 2.89
1.00, 27.61
0.12, 3.81
1.00, 25.55
0.44, 27.98
1.00, 20.57
1.00, 29.75
1.00, 28.84
1.00, 31.38
0.00, 2.24
1.00, 28.61
1.00, 26.60
0.43, 2.69
0.38, 29.05
1.00, 29.79
1.00, 25.23
1.00, 32.20
0.70, 28.04
1.00, 24.27
0.88, 30.79
1.00, 25.73
0.90, 26.11
0.00, 30.31
1.00, 31.09
1.00, 30.02
0.71, 28.36
0.00, 25.08
1.00, 31.06
1.00, 30.88
1.00, 26.85
1.00, 28.81
0.90, 26.45
0.62, 19.04
0.60, 28.14
0.25, 28.10
1.00, 29.67
0.20, 24.65
0.00, 25.19
1.00, 30.67
0.14, 4.55
0.75, 29.50
0.71, 27.55
1.00, 26.58
1.00, 27.41
1.00, 29.51
1.00, 32.24
1.00, 28.86
0.00, 4.35
0.75, 19.54
1.00, 28.64
0.00, 17.52
1.00, 30.94
0.70, 22.96
0.00, 5.34
0.25, 26.78
0.38, 28.54
0.89, 29.65
0.00, 2.60
0.80, 28.07
0.62, 30.42
0.62, 30.91
0.86, 28.44
0.75, 32.80
0.10, 23.09
0.86, 27.66
1.00, 29.93
0.00, 23.12
0.40, 27.06
0.86, 28.06
0.78, 20.61
1.00, 29.27
1.00, 26.61
0.75, 32.16
0.14, 29.54
0.89, 30.46
0.57, 27.48
0.38, 16.03
1.00, 34.41
0.00, 4.98
0.67, 28.46
1.00, 31.30
1.00, 25.61
1.00, 33.38
1.00, 31.30
0.00, 6.02
0.00, 2.78
1.00, 32.11
0.71, 30.60
1.00, 28.85
1.00, 25.66
0.00, 4.17
0.71, 29.55
0.71, 10.88
0.78, 4.17
1.00, 32.94
1.00, 30.92
1.00, 28.23
1.00, 27.70
1.00, 33.25
1.00, 23.02
0.00, 26.93
1.00, 28.29
1.00, 30.37
1.00, 29.54
1.00, 27.02
0.00, 6.39
1.00, 27.20
1.00, 24.48
1.00, 28.93
1.00, 20.91
1.00, 30.81
0.88, 25.16
0.00, 26.28
1.00, 30.04
1.00, 29.64
1.00, 27.52
0.00, 2.80
0.00, 3.44
0.50, 11.24
0.89, 27.30
0.00, 3.79
1.00, 24.81
0.00, 6.66
1.00, 33.66
0.78, 17.50
1.00, 32.66
0.90, 24.02
1.00, 31.57
0.78, 25.97
0.75, 26.14
1.00, 16.84
0.88, 25.48
1.00, 28.79
0.14, 2.79
1.00, 33.65
0.89, 33.90
0.14, 23.12
1.00, 10.15
0.70, 26.52
0.00, 3.11
0.00, 20.67
0.71, 27.23
1.00, 29.23
0.71, 33.82
1.00, 34.91
1.00, 26.20
0.00, 3.79
1.00, 26.43
1.00, 29.86
1.00, 22.73
0.86, 31.65
0.00, 3.39
0.12, 17.41
1.00, 28.18
1.00, 28.32
0.88, 31.15
1.00, 31.06
1.00, 32.38
0.29, 19.57
1.00, 27.54
0.89, 24.34
1.00, 30.21
0.38, 23.03
0.86, 29.74
0.75, 29.69
1.00, 30.86
0.00, 2.30
1.00, 27.57
1.00, 32.90
1.00, 25.71
0.00, 26.32
0.71, 32.23
1.00, 26.83
1.00, 26.01
1.00, 32.04
0.90, 29.26
1.00, 29.35
0.89, 28.68
0.40, 12.55
0.70, 26.79
1.00, 30.00
1.00, 29.79
1.00, 30.98
0.14, 7.09
0.00, 1.85
1.00, 25.03
1.00, 10.67
0.75, 30.37
1.00, 32.68
1.00, 26.35
0.90, 26.60
0.60, 19.54
0.89, 26.42
1.00, 29.24
1.00, 28.26
0.43, 27.56
1.00, 29.55
0.60, 30.77
0.67, 26.52
0.00, 9.52
1.00, 33.41
1.00, 27.65
1.00, 28.37
0.00, 5.78
1.00, 33.87
1.00, 31.37
0.56, 28.77
1.00, 27.50
1.00, 31.46
1.00, 26.37
1.00, 28.84
1.00, 11.45
0.90, 30.11
0.89, 30.17
1.00, 32.66
1.00, 27.65
1.00, 27.09
0.00, 28.71
0.00, 5.34
1.00, 6.05
0.00, 5.01
1.00, 29.15
0.90, 26.89
1.00, 29.12
1.00, 26.11
0.00, 5.03
1.00, 31.17
0.89, 28.87
1.00, 28.68
0.71, 32.07
1.00, 29.06
1.00, 27.67
1.00, 27.68
1.00, 30.35
0.75, 26.05
0.80, 29.64
0.56, 9.74
1.00, 7.10
1.00, 27.82
0.00, 3.04
0.44, 31.55
0.00, 24.10
0.14, 25.61
1.00, 32.89
0.10, 2.95
0.86, 32.93
0.88, 32.32
0.86, 31.38
0.00, 23.43
1.00, 30.54
0.88, 33.08
0.00, 7.04
0.88, 3.23
0.50, 25.30
1.00, 28.59
0.89, 28.72
0.00, 4.10
1.00, 28.80
1.00, 29.23
1.00, 32.39
1.00, 27.05
0.10, 13.49
0.86, 33.44
1.00, 30.10
1.00, 31.67
0.12, 3.28
0.00, 3.43
1.00, 32.31
0.75, 27.53
1.00, 29.78
0.56, 20.97
1.00, 32.85
0.88, 29.16
0.14, 25.79
1.00, 31.31
0.67, 33.81
0.00, 3.45
1.00, 28.66
0.00, 26.32
0.88, 28.14
0.89, 28.91
0.75, 32.51
0.62, 27.04
1.00, 30.98
0.70, 4.90
1.00, 27.53
0.14, 8.95
0.00, 23.47
0.00, 6.33
1.00, 31.24
0.88, 25.96
0.78, 31.39
1.00, 32.86
0.10, 16.36
1.00, 28.78
0.00, 6.32
0.70, 31.06
0.40, 22.24
0.80, 28.65
0.00, 28.03
1.00, 31.95
0.00, 11.41
0.00, 5.84
0.78, 24.99
0.40, 29.11
0.88, 14.04
1.00, 29.52
1.00, 26.10
0.00, 6.10
1.00, 30.85
0.00, 27.58
0.00, 7.18
1.00, 27.29
1.00, 33.52
1.00, 27.08
1.00, 24.60
0.14, 9.45
0.14, 11.07
1.00, 33.37
0.88, 30.79
0.38, 24.60
0.00, 2.38
0.80, 26.32
0.90, 25.18
0.11, 4.07
1.00, 30.81
0.86, 30.52
0.00, 3.67
1.00, 32.46
1.00, 33.33
0.89, 29.79
0.90, 10.11
0.75, 33.78
1.00, 31.43
1.00, 30.37
0.62, 6.17
0.25, 25.40
0.50, 32.15
0.00, 23.55
0.00, 25.09
0.86, 30.82
1.00, 27.61
0.70, 25.83
1.00, 30.09
0.00, 8.83
0.00, 26.17
1.00, 32.37
0.71, 6.97
1.00, 30.67
1.00, 28.47
0.00, 4.76
1.00, 32.27
1.00, 33.45
1.00, 26.99
1.00, 31.19
0.50, 26.05
0.50, 27.12
0.12, 27.79
0.43, 33.20
1.00, 27.58
0.33, 8.56
0.33, 9.59
0.71, 30.04
0.00, 3.65
0.20, 4.23
1.00, 31.47
0.88, 29.31
1.00, 31.23
0.00, 21.43
0.50, 27.44
0.14, 3.93
0.29, 15.29
1.00, 27.78
1.00, 29.84
0.88, 29.37
0.14, 26.28
0.57, 5.87
1.00, 29.29
1.00, 32.52
1.00, 32.49
0.00, 29.93
1.00, 31.35
1.00, 27.57
0.86, 26.46
1.00, 26.13
0.29, 4.64
0.89, 26.62
1.00, 30.48
0.88, 26.85
0.33, 3.94
1.00, 29.02
0.78, 30.41
0.86, 22.08
0.88, 29.13
1.00, 31.75
1.00, 29.77
1.00, 27.40
0.25, 9.84
0.71, 32.58
1.00, 31.33
0.12, 4.50
1.00, 30.40
0.71, 26.84
0.88, 31.07
0.00, 2.55
1.00, 24.50
1.00, 33.15
1.00, 27.85
1.00, 29.90
1.00, 33.96
0.80, 9.85
1.00, 32.99
1.00, 33.27
0.25, 28.12
1.00, 29.35
0.75, 16.66
0.00, 7.53
1.00, 34.17
1.00, 34.36
1.00, 29.16
0.89, 21.23
0.89, 26.46
1.00, 32.34
0.86, 4.45
1.00, 5.98
0.86, 29.48
1.00, 24.64
0.70, 24.11
0.86, 24.30
0.00, 13.94
1.00, 33.11
0.43, 8.27
1.00, 28.22
1.00, 32.29
0.00, 3.43
0.67, 27.18
1.00, 29.69
1.00, 27.80
0.71, 32.28
0.30, 16.89
0.00, 4.15
1.00, 33.37
0.57, 30.98
1.00, 31.51
1.00, 31.49
1.00, 31.77
0.75, 30.41
1.00, 30.85
1.00, 31.32
0.67, 25.71
0.86, 32.53
0.88, 23.54
0.50, 25.61
1.00, 32.15
0.44, 27.07
1.00, 23.03
1.00, 25.42
0.14, 11.60
0.71, 32.60
1.00, 31.58
0.00, 23.47
0.88, 3.28
0.33, 8.37
0.00, 21.22
1.00, 27.76
1.00, 31.97
0.90, 30.52
0.71, 9.13
0.00, 2.76
0.44, 15.97
0.80, 27.25
1.00, 30.30
0.70, 23.56
0.57, 10.43
0.75, 28.12
0.60, 26.08
1.00, 27.50
1.00, 34.13
0.89, 27.21
0.10, 24.78
0.29, 21.34
1.00, 32.55
1.00, 34.64
0.88, 24.06
0.14, 8.24
0.43, 3.51
1.00, 29.53
0.25, 22.88
0.00, 5.62
0.86, 31.28
0.12, 4.82
1.00, 28.49
1.00, 32.00
0.71, 29.30
1.00, 26.07
1.00, 32.52
0.88, 30.61
0.00, 5.93
0.90, 29.84
1.00, 27.49
1.00, 31.91
1.00, 29.60
1.00, 29.33
0.86, 30.19
0.00, 3.87
1.00, 26.85
0.00, 6.56
0.90, 27.89
0.25, 29.19
1.00, 34.25
0.60, 23.98
0.89, 26.40
0.00, 3.21
1.00, 25.94
0.89, 27.24
1.00, 30.93
0.70, 14.02
1.00, 29.71
0.00, 2.97
0.38, 4.26
0.71, 27.46
1.00, 26.47
1.00, 31.69
1.00, 30.08
0.00, 11.01
1.00, 30.81
1.00, 21.83
1.00, 31.28
0.00, 4.54
0.90, 24.66
1.00, 31.21
0.00, 25.92
1.00, 29.66
1.00, 31.53
1.00, 32.74
1.00, 28.49
0.78, 28.51
0.44, 24.50
1.00, 29.95
1.00, 29.07
0.00, 25.34
0.86, 25.38
0.25, 24.25
0.88, 31.69
0.86, 25.76
1.00, 25.54
0.86, 30.35
1.00, 27.02
0.57, 20.45
1.00, 32.07
1.00, 24.51
0.90, 28.35
1.00, 29.33
1.00, 27.43
1.00, 28.88
0.86, 24.68
1.00, 32.11
0.90, 27.74
0.00, 3.92
0.57, 26.92
0.00, 4.74
1.00, 25.60
1.00, 31.46
0.71, 29.58
0.00, 8.79
1.00, 30.04
0.38, 24.75
1.00, 30.88
0.50, 24.00
0.71, 27.38
0.00, 3.88
0.00, 8.25
1.00, 23.08
1.00, 29.70
0.86, 30.52
0.80, 28.37
1.00, 32.93
0.75, 21.85
1.00, 31.19
0.00, 4.55
0.38, 25.04
1.00, 30.70
1.00, 27.01
0.43, 22.41
1.00, 28.11
0.86, 30.90
1.00, 26.36
0.33, 22.09
0.71, 25.39
0.00, 21.34
0.89, 26.01
1.00, 28.43
0.71, 28.78
1.00, 29.31
0.86, 25.00
1.00, 30.60
1.00, 33.04
1.00, 31.19
0.88, 30.34
0.40, 1.97
0.12, 23.13
1.00, 28.51
1.00, 29.46
1.00, 30.85
0.71, 3.95
1.00, 30.94
1.00, 30.02
0.90, 30.70
0.75, 30.35
0.89, 32.15
0.29, 31.08
1.00, 26.21
1.00, 27.26
0.00, 5.37
1.00, 33.36
0.86, 10.37
1.00, 32.74
1.00, 22.54
1.00, 32.33
1.00, 29.05
1.00, 29.80
0.86, 26.34
0.57, 6.70
1.00, 32.58
0.80, 26.46
0.75, 32.43
1.00, 31.67
0.86, 30.58
0.00, 1.84
0.00, 2.85
1.00, 28.62
0.00, 4.18
1.00, 33.06
0.90, 28.12
1.00, 29.34
1.00, 25.13
0.70, 26.39
0.00, 2.87
0.60, 27.63
0.71, 9.40
0.00, 16.03
0.00, 24.62
0.50, 26.66
0.75, 28.76
1.00, 31.71
1.00, 26.87
0.86, 27.86
1.00, 32.30
0.40, 4.48
1.00, 29.30
0.80, 30.42
0.14, 16.53
1.00, 32.71
1.00, 35.48
0.88, 31.19
1.00, 21.41
1.00, 22.66
1.00, 32.15
1.00, 33.12
0.00, 3.41
1.00, 28.32
1.00, 31.75
1.00, 30.83
0.00, 2.84
1.00, 28.94
1.00, 31.53
0.71, 30.20
1.00, 25.66
0.20, 3.18
0.00, 6.98
1.00, 25.49
0.89, 13.54
0.43, 25.87
1.00, 23.52
0.43, 27.37
0.56, 25.50
1.00, 17.51
0.89, 31.27
0.00, 3.07
0.86, 27.68
0.71, 31.57
0.00, 4.45
1.00, 29.76
0.14, 9.70
1.00, 35.19
0.57, 25.92
0.60, 29.65
0.00, 5.30
1.00, 28.04
1.00, 27.82
0.86, 29.70
0.70, 26.20
0.71, 31.14
0.29, 5.73
1.00, 33.63
0.50, 28.75
1.00, 28.94
0.00, 9.35
0.00, 13.05
1.00, 32.84
1.00, 26.54
1.00, 26.21
0.88, 28.49
1.00, 34.60
0.70, 23.89
0.78, 28.00
1.00, 23.51
0.00, 12.38
0.71, 28.48
1.00, 28.88
1.00, 25.31
0.50, 3.17
1.00, 31.99
1.00, 28.90
0.88, 30.50
1.00, 27.34
0.89, 27.60
0.86, 29.01
1.00, 29.86
0.90, 29.75
0.25, 28.51
1.00, 30.53
1.00, 30.45
1.00, 29.83
1.00, 26.05
1.00, 30.76
1.00, 30.89
0.00, 7.14
1.00, 24.35
1.00, 25.77
0.00, 2.70
1.00, 30.47
0.30, 2.81
0.00, 7.17
1.00, 27.66
0.78, 29.51
0.90, 27.81
1.00, 32.25
1.00, 31.49
0.88, 23.04
0.14, 26.03
1.00, 27.47
0.14, 23.29
0.57, 24.65
1.00, 28.01
1.00, 33.98
0.00, 20.54
1.00, 22.46
0.00, 2.56
0.44, 12.12
0.00, 4.36
1.00, 29.85
0.00, 3.24
0.00, 2.23
0.78, 25.65
1.00, 33.61
0.75, 29.10
1.00, 32.72
0.90, 22.77
1.00, 30.83
0.43, 29.85
1.00, 29.20
0.86, 29.76
0.88, 31.51
1.00, 28.31
0.71, 30.52
1.00, 29.48
0.90, 20.86
1.00, 34.47
1.00, 33.85
0.86, 27.93
0.43, 5.78
1.00, 31.91
1.00, 27.55
0.30, 29.11
0.00, 26.42
0.67, 14.78
0.00, 4.04
0.20, 28.07
0.86, 28.82
1.00, 29.55
0.00, 18.60
0.88, 27.36
0.00, 4.67
